4096 4096
1581      
358 3 698 38
789 129 999 612
260 519 65 478
1020 684 598 80
979 240 110 369
316 858 908 577
106 632 642 962
587 351 781 737
443 279 326 461
779 244 543 918
390 362 761 134
140 420 793 467
760 753 20 299
347 73 479 676
1014 1009 498 659
572 1008 988 639
453 24 219 888
37 351 717 551
46 2 402 1016
918 216 575 784
232 282 293 379
1003 788 137 797
420 95 308 489
941 696 923 625
637 464 567 416
421 557 254 444
546 909 761 389
559 429 286 477
635 972 256 455
288 984 807 613
268 437 511 873
1013 351 43 910
746 311 223 970
589 468 510 337
241 231 986 798
195 920 576 913
430 490 183 64
718 655 826 872
830 671 618 263
568 717 970 770
695 701 34 720
287 313 660 554
700 37 865 976
308 91 347 809
570 688 565 85
730 325 746 685
282 121 326 993
686 63 849 56
942 411 608 71
393 867 526 995
174 1595 556 1107
392 1527 664 1829
868 1464 680 1091
126 1917 362 1567
142 1162 412 1873
712 1739 910 1264
269 1681 481 1859
254 1234 968 1238
600 2043 48 1073
59 1546 384 1300
579 1536 310 1461
327 1787 749 1614
817 1541 456 1444
285 1884 116 1779
479 1775 785 1831
379 1238 20 1663
156 1988 831 1366
768 1242 77 1848
275 1496 451 1046
579 1788 760 1833
459 1854 284 1978
417 1686 799 1845
4 1140 153 1558
739 1770 714 1231
232 1211 9 1507
460 1621 201 1644
131 1757 1014 1812
293 1493 938 1751
645 1249 725 1759
621 1835 659 1966
463 1303 467 1128
664 1240 541 1813
943 1783 124 1988
809 1221 398 1400
922 1148 433 1779
652 1815 283 2014
307 1079 130 1580
883 1517 330 1682
290 1878 738 1244
482 1113 704 1157
525 1142 778 1322
985 1100 505 1032
562 1857 659 1749
644 1225 928 1149
507 1651 610 1483
839 1148 413 1388
99 1468 823 1045
406 1800 200 1084
724 2954 891 2704
608 2903 282 2898
70 2274 799 2665
19 2319 863 2374
775 2049 228 2534
441 2901 696 2661
402 2194 149 2055
221 2980 534 2661
97 2197 295 2172
20 2361 363 3055
711 2148 14 2243
844 2989 828 2967
286 2853 875 2505
926 2298 943 2381
304 2724 596 2092
745 2114 484 2258
804 2179 6 2938
474 2147 651 2648
518 2459 297 2943
550 2800 504 2428
141 2363 795 2772
651 2678 681 3005
79 2863 965 2198
18 2259 726 2068
22 2476 748 2118
490 2864 210 2597
803 2119 997 2951
587 2484 634 3029
390 2215 324 2221
845 3047 528 2977
948 2414 20 2214
406 2260 537 2306
32 2763 726 2978
349 2316 650 2662
508 2641 162 2305
116 2324 702 2482
842 2120 117 2894
428 2125 976 2134
541 2243 101 2630
474 2982 792 2877
804 2876 131 2198
681 2242 518 2439
286 2536 468 2318
1002 2955 679 2684
851 2493 325 2742
711 2293 418 2563
586 2096 129 2947
193 3598 30 3531
235 3402 1008 3429
207 3788 236 3391
14 3450 468 3759
399 3327 41 3973
907 3198 666 3978
101 3357 430 3942
503 3985 577 3601
525 3842 493 3942
329 3663 560 3708
241 3532 424 3402
407 3259 485 4060
801 3976 677 3900
837 3695 289 4038
970 3292 837 3141
467 3505 400 3518
485 3787 977 3625
389 3292 368 3515
202 3230 53 3940
857 3134 500 3464
963 4022 642 3628
498 3335 440 3193
68 3846 151 3087
1000 3149 807 3844
592 3381 516 3385
769 3267 363 3768
662 4026 114 3378
240 3290 832 3710
404 3792 481 3570
315 3337 414 3408
400 3894 342 3807
111 3911 224 3394
503 3953 997 3473
956 3907 738 3077
469 3313 957 3639
776 3106 975 3574
567 3400 657 3809
590 3543 239 4068
752 3220 855 3665
920 3303 960 3724
708 3883 703 3277
160 3097 947 3710
203 3326 279 3272
813 3611 48 3207
731 4002 85 3310
213 3577 936 3500
436 4018 68 3188
788 3254 499 3570
159 3515 345 3912
1240 918 1161 496
1847 350 1338 879
1553 189 1372 50
1091 440 1645 313
1491 518 1240 622
1429 332 1964 281
1975 143 1842 895
1227 907 1301 925
1280 960 1690 519
1784 556 1288 171
1655 772 1993 71
1953 880 1069 632
1069 805 1909 315
1802 744 1988 550
1208 117 1291 186
1878 120 1845 778
1910 78 1449 281
1584 597 1920 95
1913 936 2020 588
1546 737 1810 524
1969 698 1861 833
1193 972 1132 44
1237 746 1724 498
1573 93 1122 520
1776 602 1531 720
1251 976 1875 666
1244 465 1033 176
1349 349 1711 325
1995 327 1161 365
1167 241 1742 35
1655 715 1082 802
1375 906 1955 252
1316 75 1602 380
1326 919 1502 118
1798 395 1040 571
1319 791 2012 527
1818 903 1903 575
1967 136 1345 996
1467 721 1213 770
1334 588 1966 824
1261 231 1369 860
1909 420 1785 165
1574 754 1282 648
1522 104 1468 522
1949 197 1916 241
1189 752 1112 856
1561 751 1434 528
1464 528 1741 755
2006 556 1665 833
1238 582 1251 890
1582 1292 1548 1536
1976 1408 2029 1904
1063 1496 1895 1825
1789 1524 1043 1140
1941 1266 1187 1268
1368 1438 1839 1550
1733 1644 1240 1207
1194 1733 1722 1503
1069 1400 1050 1937
1528 1633 1283 1997
1814 1938 1481 1600
1312 1909 1221 1221
1326 1468 1216 1228
1440 1593 1651 1382
1439 1900 1710 1388
1952 1481 1462 1401
1036 1293 1060 1359
1350 1464 1337 1945
1226 1213 1469 1349
1844 1732 1201 1276
1530 1771 1803 1625
1839 1335 1706 2008
1032 1458 1083 1326
1283 1544 1169 1782
1797 1516 1668 1534
1126 1424 1543 1887
1300 1845 1137 1787
1646 1886 1199 1265
1450 1046 1135 1133
1903 1329 1877 1470
1347 1942 1424 2042
1928 1964 1844 1393
1318 1215 1430 1529
1546 1298 1754 1133
1604 1959 1045 1461
1062 1301 2003 1224
1951 1339 1048 1180
1266 1042 1347 1305
1443 1732 1763 1485
1679 1227 1902 1921
1771 1040 1087 1220
1890 1337 1900 1319
1904 1465 1076 1279
2011 1424 1842 1380
1574 1782 1639 1624
1573 1567 1588 1289
1082 1519 1459 1118
1510 1513 1524 1966
1331 1686 1522 1102
1474 1607 1923 2043
1570 1035 1555 1825
1306 3069 1249 2638
1716 2154 1560 2836
1187 3019 2032 2068
1425 2275 1615 2262
1391 2060 1250 2902
1939 2575 1168 2388
1187 2630 2027 2073
1038 2356 1040 2621
1983 2654 1372 2725
1579 2593 1867 2895
1796 2730 1175 2855
1324 2465 1462 2400
1515 2085 1787 2913
1280 2129 1950 2099
1101 2635 1057 2825
1596 2444 1671 2226
1974 2940 1924 2738
1914 2086 1620 2204
1808 2197 1777 2686
1996 2354 1851 2074
1959 2385 1564 2899
1945 2235 1056 2174
1503 2736 1858 2512
1455 2178 2024 2355
1417 2429 1753 2377
1520 2171 2039 2472
1398 2086 1352 2310
1149 2744 1320 2759
1198 2117 2018 2657
1202 2799 1545 2829
1763 2658 1076 2550
1429 2713 1879 2695
1651 2439 1763 2640
1540 2163 1600 2810
1436 2526 1245 2959
2036 2851 1498 2203
1152 2791 1065 2694
1928 2382 1270 3059
1505 2222 1520 2473
1850 2402 1062 2771
1771 2311 1442 3050
1798 3062 1781 2825
1057 2400 1189 2085
1939 2658 1726 2110
1684 2680 1689 2375
1145 2702 1553 2288
1219 2798 1058 2665
1639 2234 1174 2455
1837 2244 1817 2570
1768 2786 1439 2974
1942 2575 1870 2124
1721 2063 1821 2070
1736 3520 1662 3429
1189 3118 1545 3470
1089 3436 1168 3901
1380 3752 1880 3284
1890 3236 1679 3172
2024 3862 1966 3696
1343 3678 1901 3121
1874 4055 1461 3350
1558 3553 1503 3687
1475 3126 2047 3254
1182 3104 1918 3468
1728 3765 1052 3333
1917 3285 1860 3762
1801 3352 1586 3916
1763 3762 1560 3255
1473 3266 1726 3716
1736 3500 1151 3988
1941 4081 1151 3743
1743 3156 1790 3244
1582 3219 1444 3552
1549 3213 1181 3715
1749 3079 1393 3156
1670 3776 1321 3503
2038 4030 1329 3357
1102 3551 1377 3109
1265 4066 1459 3320
1845 3871 1619 3309
1427 3165 1961 3482
1754 3392 1268 3656
1279 3348 1948 3577
1613 4017 1820 3862
1642 3154 1908 3446
1691 3886 2004 3488
1956 3395 1249 3838
1287 4032 1894 3839
1461 3546 1518 3433
1239 3272 1338 3797
2008 3644 1520 3469
1255 3855 1425 3728
1392 4083 1918 3574
1999 3563 1079 3140
1476 3403 1290 3448
1698 3594 1827 3530
1773 3938 2035 3590
1073 3765 1667 3649
1264 3791 1794 3297
1984 3270 1230 3681
2496 891 2515 324
2482 823 2410 1019
3016 787 2927 770
3063 416 3019 457
2827 625 2517 274
2534 96 2507 698
2793 984 2291 816
2346 175 2817 124
2949 108 2702 789
2889 687 2691 901
2538 855 2719 630
2126 322 2242 514
2429 6 2182 758
2547 630 2669 143
3003 914 2760 363
2641 908 2459 566
2994 881 2441 34
2412 921 2811 134
2790 238 3065 934
2149 594 2453 45
2241 334 2116 309
2882 140 2922 488
2674 796 2212 348
2397 724 2128 233
2667 310 2875 1000
2270 869 2873 508
2962 831 3032 969
2973 200 2734 736
2652 745 2622 961
2068 278 2182 117
3021 322 2069 629
2135 41 3026 700
3042 397 2522 57
2807 195 2264 14
2147 902 2158 920
2080 271 2200 549
2434 388 2154 174
3031 329 2454 523
2977 33 2635 956
2785 541 2947 843
2463 619 2440 816
2431 375 2249 812
2567 747 2905 199
2132 592 2172 229
2609 394 2530 5
2588 442 2207 116
2977 108 2323 128
2244 777 2239 952
2309 413 2396 608
2678 719 2904 911
2054 227 2960 954
2296 630 2884 570
2723 1656 3001 1910
3069 1785 2752 1449
2491 1203 2052 1475
2616 1135 2868 2039
2931 1062 2753 1455
2633 1129 2861 1849
3047 1276 2351 1259
2816 1160 2756 1586
2502 1762 2185 2017
3021 1101 2751 1383
3066 1700 2654 1492
2690 1342 2497 1454
2805 1685 2878 1837
2745 1501 2822 1633
2796 1784 2159 1486
2224 1423 2290 1659
2877 1491 3044 1335
2135 1222 2130 1871
2163 1159 3011 1844
3001 1299 2731 1637
2749 1946 2687 1367
2509 1213 3063 1900
2618 1553 2225 1387
2491 1168 2621 1694
2637 1534 2432 1130
2566 1080 2403 1618
3043 1360 2604 1785
2565 1558 2907 1268
2817 1380 2123 1916
2131 1756 2053 1275
2984 1259 2766 1537
2375 1570 2768 1247
2439 1954 2534 1597
3049 1472 2738 1157
2440 1710 3036 1527
2992 1634 2957 1972
2594 1918 2847 2032
3041 1249 2569 1289
2186 1156 2435 1273
2561 1069 2093 1139
2215 2038 2980 1726
2484 1053 3071 1349
2341 1940 3056 1249
2797 1110 2089 1973
2642 1864 2992 1357
2571 1863 2346 1202
3004 1521 2176 1117
2312 1217 2309 1907
2322 1731 2296 1596
2574 1900 3033 1540
2579 1892 2910 1904
3062 2936 3052 2301
2844 2354 2710 2701
2232 2389 2566 2566
2363 2974 3060 2926
2656 2932 2245 2701
2463 3009 2640 2495
3056 2181 2054 2584
2676 2412 2447 2453
2872 2725 2579 2733
2133 2108 2522 2083
2750 2896 2570 2521
2154 2646 2980 2207
2805 2177 2122 2842
2776 2889 2218 2154
2805 2111 2343 2734
2866 2145 2707 2730
3066 2263 2424 2321
2953 2980 2600 2680
2216 2634 2363 3070
2851 2850 3013 2557
2588 2866 2281 2872
2724 2345 2522 2553
2948 2874 2915 2857
2980 2580 2049 2533
2774 2805 2402 2451
2466 2091 2650 2609
2290 2413 2152 2653
2581 2136 2310 2568
2519 2136 2428 2498
2206 2251 2855 2307
2658 2998 2275 2609
2231 2957 2275 2563
2179 2894 3013 2072
2678 2529 2537 2172
3023 2763 2286 2894
2442 2892 2810 2764
2346 2877 2730 2762
2738 2122 2720 2764
2901 2260 2398 3035
2883 2638 2101 2812
2181 2516 2334 2510
2209 2251 3030 2173
2408 2928 2463 2941
2693 3010 2918 2200
2650 2908 2948 2765
3066 2920 2442 2765
2543 2760 2434 2911
3062 2816 2760 2562
2469 2253 2484 2560
2537 2088 2316 3034
2107 2143 2435 2217
3025 3938 2485 3709
2774 3680 2668 3099
2480 4010 2397 3145
2285 3400 2520 3520
2988 3555 2509 4031
2784 3932 2851 3712
2364 3241 2219 3385
2581 3460 2089 3344
3029 3726 2424 3946
2167 3643 2676 3233
2772 3359 2555 3812
2877 3415 2247 3737
2109 3839 2900 3560
2763 3396 2797 3378
2713 3574 2825 3596
2588 3236 2753 3915
2189 3683 2933 3698
2317 3816 2994 4093
2206 4011 2537 3212
2117 3238 2818 3527
2768 4069 2337 3652
2723 3081 2289 3228
2258 3768 2613 3628
2991 3181 2515 3131
2336 3594 2501 3390
2260 3331 2349 3846
2857 3157 2639 3557
2341 3073 2118 3701
2377 3759 2810 3573
2319 3814 2685 3945
2710 3905 2444 3105
2548 3926 3065 3705
2838 3552 2478 3267
2749 3435 2744 3709
2699 3875 2762 3286
2860 3864 2550 3980
2443 3989 2727 3290
2806 3882 2229 3439
2289 3669 2475 3956
3046 3082 2133 3560
2691 3087 2599 3658
2196 3078 2788 4000
2502 3685 2378 3739
2899 3745 2742 3738
2482 3096 2834 3290
2802 3723 2120 3618
2101 3422 2246 4084
2255 3448 2735 3217
2222 3754 3054 3211
2526 3518 2322 3160
2722 3753 2461 3492
2604 3450 2473 3416
3467 6 3671 651
3591 503 3073 155
3679 276 4077 734
3891 952 3380 650
3352 50 3660 426
3688 540 3124 272
4024 303 3315 295
3586 871 3408 155
3537 807 3334 709
3845 936 3601 380
3449 118 3912 724
3945 544 3761 525
3321 23 3086 47
3242 615 3342 578
3695 97 3372 20
3824 448 3090 964
3508 920 3787 313
3978 567 3409 294
3237 939 3563 145
4079 937 3139 490
3171 758 3894 217
3739 38 3388 441
3169 601 3990 200
3805 501 4023 785
3709 555 3266 1011
3749 418 3634 404
3271 352 3292 606
3506 461 4079 277
3147 377 3079 164
3077 319 3361 536
3296 38 3250 490
4085 448 3744 849
3626 944 3850 283
3142 386 3840 525
4016 958 3912 43
3250 222 3569 252
4071 207 3166 710
3875 318 3953 6
3922 167 3749 468
3384 154 3166 627
3791 871 3391 307
4037 26 3885 750
3646 586 3803 321
3770 679 4056 437
3444 179 3244 635
3239 477 3915 313
3794 766 4049 1000
3977 545 3715 752
3344 796 3148 385
3466 245 3178 379
4047 833 3961 894
3590 233 3949 76
3158 43 3663 130
3694 936 3780 240
3919 461 4025 656
3377 1862 4034 1825
3420 1972 3289 1432
3570 1875 3360 1786
3666 1154 3148 1466
3521 1209 3801 1884
3397 1938 3762 1123
3384 1138 3726 1465
3327 1097 3316 1921
3236 1118 3296 1784
3388 1917 3524 1960
3262 1358 3688 1911
3367 1886 4075 1792
3889 1041 3212 1070
3305 1867 4016 1892
3944 1770 3187 1883
3762 1371 3974 1061
3995 1274 3129 1386
4075 1327 3763 1471
3082 1345 3295 1670
3632 1241 3805 1956
3996 1637 3758 1690
3108 1601 3986 2005
4014 1905 3412 1783
3748 1670 3517 1217
3296 1831 3357 1587
3492 1717 3644 1484
3587 1460 3569 1682
3345 1887 3971 1093
3450 1030 3437 1668
3102 1167 3511 1761
3430 1803 3936 1240
3922 1969 3318 1292
3386 1228 3860 1242
3236 1151 4010 1450
3079 1338 3555 1549
3237 1132 3771 1558
4023 1481 3539 1194
3497 1792 3387 1371
3646 1533 4039 1210
3221 1905 3224 1188
3483 1843 3232 1297
3202 1060 3492 1474
3759 1119 3803 2030
3850 1729 3375 1668
3912 1954 3554 1548
3167 1283 3516 1876
3559 1252 3818 1358
3089 2701 3402 2824
3252 2904 3863 2516
4061 2670 3858 2645
3465 2822 3998 2901
3431 2384 3540 2238
3274 2231 3518 2103
3537 2312 4035 2134
3630 2345 3483 2915
3580 2240 3822 3020
3907 2264 3610 2728
3363 2502 3779 2144
3602 2399 3765 2292
3791 2475 3857 2348
3657 2899 4070 2093
3125 2916 3493 2354
3500 2454 3186 2679
3836 2507 3806 2536
3252 2544 3720 3061
3855 2206 3073 2130
3364 2822 3850 3046
3595 2308 3927 2479
3843 3020 3854 3017
3216 2771 3252 2872
3983 3006 3088 2962
4000 2574 3554 2529
3632 2281 3206 2867
4000 2912 3806 2908
3630 2765 3175 2139
4025 2513 3216 3028
3629 2208 3514 3008
3814 2868 3310 2849
3191 2479 3604 2612
3864 2881 3500 2285
3861 2786 3213 2395
3953 2868 3272 2443
3122 2722 3739 2564
3859 2933 4053 2804
3234 2529 3757 2166
3914 2106 3147 2265
4069 2523 3138 3039
3715 2056 3832 2461
3553 2428 4037 2992
3654 2844 3956 2327
3792 2834 3609 2528
3528 2511 3852 2581
3296 2239 3360 2235
3644 2624 3665 3006
3211 2708 3568 2783
3752 3586 3651 3834
3120 3393 3212 3779
3375 4014 3276 3570
3087 3928 3504 3401
3770 3880 3585 3773
3427 3293 3838 3832
3281 3078 4014 3325
3659 3781 4006 3795
3800 3227 3577 3765
3531 3751 3147 3473
3997 3924 3581 3532
3592 3488 3203 4061
3217 3345 3940 3448
3484 3978 3934 3097
3499 3414 3367 3512
3917 3949 3974 3860
3757 3830 3851 3496
3790 4010 3366 3182
3469 3286 3601 3196
3667 3524 3094 3865
3359 3306 3732 3959
3998 3617 3346 3466
3326 3515 3404 4039
3642 3398 3881 3302
3857 3828 3747 3584
3910 3740 3451 3076
3087 4002 3720 3104
3184 3816 3085 3967
3577 3849 3513 3714
3448 4061 3577 3873
3399 3626 3414 3490
3576 3866 3342 3331
3364 3717 3388 3402
4049 3308 3979 3106
3303 3232 3119 4001
3891 4051 3963 3351
3082 3310 3942 3411
3700 4049 3874 3582
3129 3142 3164 3164
3834 3189 3583 3736
3094 4014 3738 3954
3147 4079 3861 3684
3570 3610 3627 3662
3207 3777 3634 3073
3822 3476 4075 3936
3897 3906 3711 3128
3163 3269 3270 3495
4019 3293 3664 3862
3753 3326 3941 4040
3812 3473 3547 3748
3327 3953 3731 3496
510 1038 1466 1072
1905 1034 617 1001
906 992 442 1021
647 988 1106 1007
1169 987 910 1071
49 2047 1076 2046
1027 2013 79 2093
1517 2064 1505 1999
940 2098 276 2067
161 2061 1817 2013
984 3036 1117 3086
421 3040 703 3051
1183 3027 129 3119
504 3053 182 3095
433 3101 779 3081
1783 1058 1186 1059
2707 1051 2480 1011
1111 996 1418 1002
1983 1007 2883 1067
1337 1018 1376 975
2627 2015 1262 2022
2120 2082 1235 2037
2878 2090 2005 2036
2120 2065 2329 2029
1236 2063 2332 2012
2885 3112 3031 3105
2148 3052 2325 3042
1979 3054 2278 3089
1701 3053 1045 3030
2251 3064 1406 3041
2358 998 2480 1025
2923 1060 4061 1055
2464 1019 2212 995
3638 1031 3615 973
2731 1069 2283 1058
2270 2056 3072 2038
2707 2079 3685 2041
3147 2072 2370 2082
2406 2051 3603 2040
2240 2035 3134 2095
2841 3042 3673 3064
3433 3037 2312 3051
4066 3033 3857 3051
2433 3062 3923 3030
3778 3025 3891 3050
1009 1834 1024 583
1033 163 1046 1582
1016 241 1001 656
976 930 1023 2046
1055 504 988 870
1028 1374 1052 2007
982 2636 1047 1188
982 2274 1073 2474
980 2976 975 1975
1048 1185 995 1324
1049 2262 1051 2779
1033 3821 1060 3896
1066 3446 1070 2320
1025 3480 999 4029
991 2965 1026 3657
2064 991 2066 1822
2066 285 2076 819
2010 966 2097 773
2090 488 2051 754
2077 1176 2048 716
2002 1258 2057 2128
2005 2376 2055 1323
2076 1616 2008 1580
2056 2596 2054 2296
2061 1115 2013 2732
2055 2541 2016 3737
2083 3814 2053 3047
2035 2482 2048 3147
2076 2518 2028 3506
2092 3864 2079 2654
3040 1437 3094 852
3084 441 3107 7
3056 1204 3072 1909
3116 1001 3049 1265
3113 1703 3100 1510
3096 1039 3051 2477
3043 2044 3113 2441
3079 1967 3121 2112
3074 1617 3092 2998
3084 1786 3027 1145
3035 2770 3042 3056
3102 3803 3031 2372
3025 3634 3108 2162
3096 3200 3113 2496
3101 3022 3061 2287
2963 619 2307 202
1113 4034 953 1178
3659 3163 1334 3452
790 698 3967 4032
2629 1945 299 308
2361 1009 1077 2819
3911 45 711 2769
2136 1707 3215 1220
3975 3842 1096 930
1596 3113 184 3353
3277 808 199 2560
1578 3321 1940 492
2886 1176 3850 2294
1038 3133 3802 6
2333 3147 1081 3242
110 3115 3336 2073
194 3469 2401 659
346 3656 3925 2932
2929 2375 721 3190
2261 1507 1613 3221
3370 139 2865 569
2591 2663 400 3633
3811 1331 516 2877
1256 2929 3322 2533
2292 3887 2118 1956
249 1542 1376 473
1388 2119 3636 191
2714 2076 153 1889
1434 921 2021 3670
2817 1146 424 1028
1199 3857 1039 801
3276 3314 68 2303
1150 3062 3918 2439
3220 681 2171 761
3196 159 1126 2418
228 2371 1392 3763
2264 2853 2154 1190
67 1658 378 2639
1720 1275 1953 2440
3293 582 2323 3688
425 2002 20 916
1229 2681 816 1920
1069 2319 1982 502
3776 1353 2392 2628
757 2365 1426 2514
1419 1006 1964 1765
2874 1188 1990 2805
2638 3860 2963 551
1355 3852 1860 2670
1271 1557 336 3631
1873 1871 343 393
776 2179 2890 3499
448 3751 152 2000
961 4007 3998 1297
954 3295 262 3131
3816 1078 2023 1408
3347 551 314 2215
1427 108 3146 3417
2853 3807 1948 631
3556 1216 3225 1447
3457 3910 3310 3347
2578 3759 3893 436
1240 1212 3945 3860
1264 1004 3868 4027
4058 221 1000 440
1017 3552 764 3123
3873 2914 3675 3423
2804 531 1363 3595
977 4047 175 3362
3792 1096 3332 3049
613 2541 1336 976
2500 1346 3846 1251
2667 987 3940 3028
3037 1545 1161 3716
878 3081 459 2500
1900 3768 523 5
1055 1935 451 482
2182 1167 1282 2707
1440 2291 3122 2811
1191 1863 3387 379
3444 231 3977 997
1566 1635 3318 2776
1343 1625 655 3403
2273 3113 1054 1219
1505 1923 3840 791
26 3829 23 1694
3341 1393 1055 3029
1274 520 549 3423
1718 3565 3664 3408
1714 659 1216 3372
1892 1052 3036 1411
2625 3149 435 1794
744 613 3078 1873
2034 3133 3784 303
2383 1453 1338 2573
1942 177 2812 800
1998 2459 2197 2269
3505 2601 2316 2425
1020 3457 2094 29
2819 1639 426 1074
1610 1244 3498 2935
2750 1778 640 1790
3817 3425 3705 1496
2990 2351 1613 1756
1294 2871 3670 2715
2833 569 3400 902
2466 3373 2609 2271
526 3996 2618 391
887 1265 130 1418
1982 3480 2848 1604
2113 2657 532 3734
158 374 1438 3208
3952 1681 2669 3750
1386 1028 2282 2199
139 1201 3316 2688
3070 596 3790 2321
510 3436 3730 2067
3519 3702 937 89
1612 365 873 2696
3270 1453 1549 1770
3725 3175 378 1280
424 1255 3791 766
3504 186 181 3127
737 3883 1009 230
664 2960 2299 2418
2969 3172 174 2831
1451 1398 3188 1833
984 1202 3948 382
943 2211 1201 1170
2065 3858 26 1684
3093 786 2632 1415
651 1154 2636 1719
3521 759 2121 3525
2189 552 2063 1980
2641 4088 3614 3102
2362 2980 4038 1570
2947 332 3497 241
3159 3437 3404 1908
2958 2446 1046 3313
1470 1778 3289 2052
2978 2290 767 2336
1390 1776 2502 2251
3026 1863 1392 3557
3061 3023 3000 582
3968 1089 3982 239
1454 255 2517 3663
3077 2002 1700 3617
2989 2912 1938 1628
284 1332 3525 1996
3057 460 1439 4007
820 654 3596 3870
2632 1273 3367 2104
3911 2660 2899 264
3934 2943 728 2513
3154 3204 630 1884
3475 2277 3746 2052
3600 2645 787 3494
2195 427 2942 351
1422 1541 534 1602
801 3189 2834 2092
832 2524 693 2745
1277 3694 932 888
1889 1874 1208 4016
1104 997 1184 2549
1193 3783 28 2253
1652 3526 1152 2621
349 4038 640 91
1125 1285 1256 2293
1665 360 1494 2811
1771 838 270 1606
1534 2409 562 630
1463 3536 1371 3064
190 523 1700 3127
1010 1863 1167 1451
940 2682 1020 2103
1779 3887 393 2387
963 3147 1620 280
1570 3704 1589 2626
362 3454 770 3228
735 837 1417 180
1258 3820 677 2819
966 1729 317 1696
537 3670 88 3981
1654 1241 889 3662
268 3027 1039 2691
941 460 1884 591
1781 2947 1204 1928
235 3304 1248 3419
1481 3750 144 2091
1501 2461 726 1523
1959 3074 1431 2556
1132 3479 233 3888
1016 795 1111 3949
1496 1092 1706 1326
1355 1346 254 1195
1647 1210 521 2122
235 635 1756 2777
335 2165 1742 3954
621 1686 707 3560
1001 3755 15 1912
579 799 1440 2109
1476 1457 1241 3572
1036 2315 961 3430
1195 1801 380 2437
1436 3037 285 1930
1096 2300 1461 2045
1057 262 996 3615
204 2666 556 314
1270 3711 522 2564
782 4044 2046 3343
1421 4003 761 1260
884 1219 1237 587
867 1988 1365 2693
866 2941 152 2583
1287 1201 1217 108
1807 1856 582 2735
1240 1085 1083 349
788 1017 1445 1532
855 1340 1068 2213
1533 4081 1558 1603
1668 2704 83 717
1531 1309 541 26
1511 1945 546 2681
1618 3118 1090 1189
660 38 323 3885
968 2259 327 2141
449 1446 1552 1583
1706 1626 1518 4086
704 2984 873 2530
834 3247 1490 2302
142 2531 100 3397
1115 92 1307 3959
1566 2277 1064 1891
496 102 1796 2148
273 1387 119 1933
182 2359 641 3875
616 3397 1534 1550
882 2177 1788 2488
1073 2115 1344 3660
60 3123 929 106
228 1500 305 1540
414 730 868 1767
1781 2105 1739 561
511 91 1465 3711
283 470 303 1077
226 2941 494 3392
786 2978 502 3764
52 2251 991 4051
587 3442 310 1997
1003 1187 33 3857
353 2031 346 1006
382 636 447 3354
14 3339 284 2354
665 1015 412 3889
415 0 813 1971
237 858 592 3833
486 71 930 4027
412 3861 197 2935
139 116 575 1808
641 4058 548 3217
774 3775 962 2735
223 2845 580 3386
922 2800 641 119
601 862 728 3069
848 893 299 4041
623 810 14 1430
787 3869 248 2509
79 2678 480 1371
79 1166 832 2858
922 2486 338 3388
493 2491 491 328
519 2157 363 1398
826 2461 216 4084
929 1436 405 2179
303 3903 514 3179
406 2061 238 3474
73 3112 969 292
416 3680 307 4066
784 3194 641 1114
724 157 300 1991
1014 1571 584 705
928 691 461 1692
814 2678 101 176
350 232 152 256
486 630 316 1373
101 1378 432 2397
281 3763 372 2893
72 260 290 1742
278 2023 408 2774
181 1794 89 613
77 2131 93 4035
132 3305 136 2744
248 453 42 3966
122 182 172 846
104 3719 489 1593
253 3753 20 3253
112 2516 372 426
89 662 418 2540
129 2837 374 2944
498 1987 408 4055
413 2011 343 772
189 3075 432 3995
273 3973 381 3757
399 2549 102 2808
140 2702 162 3962
432 3502 233 3073
313 3416 482 2980
256 2140 238 2940
237 3605 358 2629
474 3231 147 3535
181 3111 31 3771
246 3792 72 3336
201 3590 10 3878
422 3616 177 3373
350 3425 115 3510
125 3255 157 3512
260 3186 313 3532
122 3192 226 3357
119 3179 395 3356
223 3170 421 3374
336 3214 506 3363
445 3168 319 3273
332 3350 294 3357
312 3152 426 3561
503 3548 490 3164
358 3179 292 3147
294 3170 346 3104
345 3538 339 3451
312 3532 287 3564
289 3287 376 3215
309 3335 264 3228
305 3506 273 3583
288 3301 261 3290
292 3346 297 3395
280 3288 272 3211
263 3399 267 3472
292 3517 305 3398
307 3412 305 3329
300 3429 266 3375
298 3342 278 3446
311 3441 281 3347
318 3385 308 3336
285 3367 294 3439
295 3348 256 3450
302 3424 276 3370
267 3453 277 3432
288 3396 308 3425
282 3452 293 3398
282 3436 304 3449
282 3401 265 3429
1869 1332 2012 1634
1920 1518 2130 1586
1732 1229 2089 1454
1827 1629 1945 1590
1822 1460 1785 1249
2221 1251 1727 1381
1755 1613 1713 1466
1928 1429 1834 1317
1874 1373 1973 1140
2118 1930 2130 1784
1871 1806 2209 1876
1923 1711 2116 1818
1922 1674 2193 2154
2108 2032 1749 1790
1864 1860 2034 2150
2170 1776 1970 1674
1727 1682 2125 1817
1985 2134 1783 2125
1855 2186 1736 2372
1747 2428 2082 2225
1733 2254 1722 2510
1848 2442 1990 2381
2013 2434 2126 2477
2217 2599 1777 2472
1965 2171 2115 2442
1889 2414 2194 2224
1961 2269 1783 2475
2178 3003 2135 2805
2217 2750 2163 2860
1803 2839 1982 2883
1947 2910 1938 3110
1826 2755 1958 2764
2094 2862 1901 3027
1869 2828 2034 2960
1722 2822 1927 2695
1869 2806 2083 3009
2323 1645 2268 1291
2563 1438 2732 1435
2502 1475 2333 1290
2604 1537 2666 1630
2229 1575 2603 1592
2462 1362 2382 1286
2617 1624 2438 1458
2581 1383 2480 1354
2499 1470 2674 1475
2721 2106 2509 1670
2523 1931 2615 1670
2279 1915 2358 2148
2575 2012 2497 2107
2234 1964 2229 1972
2689 1720 2717 1961
2699 1886 2625 2157
2242 1815 2700 1960
2334 1734 2535 1784
2358 2541 2657 2474
2572 2355 2659 2314
2443 2220 2304 2255
2453 2291 2420 2321
2697 2446 2524 2658
2276 2506 2309 2207
2570 2505 2713 2640
2643 2604 2554 2323
2629 2239 2683 2519
2270 2867 2672 3000
2412 2847 2379 2906
2435 2948 2228 2715
2401 3134 2698 3174
2668 2876 2227 3165
2417 3155 2496 2809
2454 3154 2588 2939
2468 3061 2226 3144
2515 2961 2314 3050
2933 1544 2958 1530
2895 1139 2899 1364
2996 1594 3014 1458
3014 1181 3153 1266
3186 1192 2850 1235
2812 1422 2809 1258
2904 1554 3199 1618
3027 1344 3088 1501
3157 1311 3163 1245
2905 1807 3141 1910
3008 1732 3035 2073
3117 1707 2828 1736
2788 2025 3177 2123
3187 1985 2911 2080
3115 1925 3194 1776
3221 1982 3156 1835
3207 1776 2886 2038
3018 1789 2769 2137
2841 2438 3014 2252
2859 2524 2987 2659
2998 2367 2860 2282
3199 2615 3159 2191
3105 2170 2922 2265
3108 2499 2946 2364
2916 2557 2774 2606
2947 2308 3244 2628
3030 2366 3003 2502
2747 3092 3075 2708
2870 2733 3118 2984
2829 2749 2781 2992
3027 3095 3140 3087
2847 3060 2761 3022
3187 2826 2746 2780
3087 3145 3049 2685
3186 2863 3176 2935
2755 2881 2771 2797
3717 1236 3619 1555
3489 1190 3599 1604
3670 1251 3669 1373
3629 1245 3683 1192
3470 1185 3422 1465
3411 1458 3679 1183
3288 1553 3374 1186
3528 1344 3735 1251
3637 1314 3327 1215
3299 1670 3571 1780
3742 1747 3746 1959
3712 1784 3751 1733
3541 1962 3398 1938
3361 1790 3375 2031
3578 2135 3733 1860
3404 2070 3713 1887
3739 2099 3729 1877
3425 1807 3495 2097
3641 2648 3398 2302
3737 2590 3297 2508
3398 2464 3705 2423
3453 2467 3286 2599
3754 2584 3258 2592
3347 2660 3603 2320
3496 2540 3437 2330
3752 2528 3717 2586
3276 2390 3302 2433
3501 3019 3339 3087
3734 2824 3630 2927
3743 3033 3531 2767
3673 2822 3706 2915
3639 2779 3654 2712
3559 3123 3692 2879
3363 3023 3753 3114
3723 2850 3505 2945
3468 2851 3704 2710
1935 1626 2341 1651
1793 1667 2508 1658
1889 1639 1731 1663
2052 1666 1783 1637
1750 1656 1809 1674
2286 2167 1898 2165
2302 2153 2055 2149
2295 2176 1834 2184
2382 2184 2654 2145
2405 2180 1711 2173
2123 2699 2590 2689
2209 2652 2670 2694
2292 2673 1968 2668
2479 2689 2202 2676
2312 2669 2644 2682
2501 1672 3232 1661
3201 1643 2886 1676
2868 1628 3116 1649
2841 1674 2505 1669
2631 1672 3096 1667
3143 2172 2566 2174
2990 2167 2634 2185
3210 2168 3117 2145
3198 2150 2586 2147
2649 2173 2484 2187
2285 2666 3132 2687
2234 2666 2351 2661
3076 2671 2569 2684
2411 2665 3240 2671
3000 2663 3003 2689
3191 1672 3437 1629
3617 1654 3557 1665
3066 1641 3671 1666
3482 1645 3419 1642
2820 1644 2778 1639
3448 2170 3046 2168
2882 2175 3711 2148
2978 2181 3156 2160
2771 2152 3259 2163
3309 2138 3406 2143
3397 2687 2949 2683
3450 2672 3040 2700
3357 2663 3559 2650
2826 2693 3168 2662
2919 2655 3400 2690
2201 1184 2235 2073
2247 1506 2220 1204
2241 1362 2197 1398
2231 1215 2214 1623
2208 1585 2199 1167
2202 2474 2225 2195
2199 1680 2248 2135
2197 1964 2219 1983
2239 1769 2234 1785
2232 1698 2197 2073
2204 2557 2213 2462
2230 2314 2229 3161
2199 2209 2203 2664
2236 2366 2238 2973
2202 2703 2219 2617
2753 2161 2737 2049
2737 1718 2741 1959
2760 1244 2757 1931
2718 1811 2755 1708
2752 1690 2716 2109
2735 2125 2736 2506
2758 1948 2754 1833
2753 2636 2733 2467
2727 2311 2724 1976
2730 2036 2722 2456
2712 3163 2734 2616
2719 3181 2757 2824
2709 2950 2713 2960
2726 3096 2757 2957
2710 2691 2752 2605
3239 1936 3255 1512
3247 2021 3235 1446
3234 2114 3250 1798
3244 1409 3248 1637
3236 1483 3262 2004
3229 1927 3255 2437
3271 1842 3235 1811
3237 2647 3264 2382
3258 2343 3233 2184
3260 2290 3261 2522
3269 2642 3247 2801
3239 2313 3222 2519
3252 2355 3266 2989
3259 2573 3233 2701
3239 2931 3272 2196
3372 2974 3464 3047
3729 1672 2739 1540
3413 2618 1918 2049
2601 2191 2884 2534
2819 1293 3079 2919
3671 1278 3732 1574
2809 3126 3503 1175
2590 2895 3522 1391
3427 1780 2244 3152
3096 1568 3218 1494
3461 1836 2655 1991
2330 1242 2155 1632
3554 2206 2126 1239
3366 2995 1903 2980
2165 2287 2372 1650
2518 2852 3441 2625
2418 3040 2213 2437
2278 2638 2594 2138
3271 1637 2808 2981
2351 2368 2442 1225
3024 1559 1871 1255
2348 1705 3201 2499
2557 2876 3155 2481
2633 3030 3441 3050
2662 1701 1874 2488
2336 2801 2110 2708
2610 2931 2343 2313
1877 2271 2220 2762
2416 2777 2273 2745
2739 2523 2725 3050
2494 1540 2526 2375
2145 3089 1778 3053
3318 2337 2753 2387
3275 2962 2234 2135
3251 2153 3627 2251
3313 2536 2827 1377
3694 2414 3292 1849
3122 1600 3219 2713
3204 1946 2831 1501
3514 1216 2858 2441
3554 1808 2901 1512
3670 3026 3057 1145
3728 1528 3096 1653
3290 2980 2999 1245
2789 1633 2786 1669
3561 1211 3086 1526
3372 1657 3623 2379
3569 1792 3606 1431
3476 2444 2914 2942
3208 1636 2792 1997
2901 1534 3209 1735
2938 2775 3169 2834
2754 2167 2766 1585
2812 1395 2917 1316
3139 3024 3157 2603
2927 2040 3016 1516
3210 1775 3027 1544
2973 1402 2851 2062
3020 2038 2902 1444
3190 1312 3237 1360
3168 1923 2961 1172
2997 1479 3199 1550
3060 1547 2936 1576
2826 1303 2749 1151
2851 1507 3092 1352
2845 1226 2752 1556
2894 1524 2895 1645
2807 1213 2886 1515
2989 1186 2924 1293
2886 1146 2833 1306
2791 1325 2944 1165
2885 1471 2964 1624
2983 1544 2746 1436
2936 1550 2826 1398
2804 1585 2801 1486
2851 1432 2741 1481
2744 1420 2750 1628
2854 1437 2842 1543
2778 1616 2759 1545
2813 1611 2837 1488
2775 1465 2839 1634
2842 1421 2846 1424
2846 1577 2828 1457
2833 1482 2844 1402
2825 1414 2816 1440
2820 1446 2844 1524
2836 1620 2805 1543
2843 1615 2857 1578
2827 1624 2802 1566
2851 1639 2801 1535
2853 1570 2801 1628
2811 1567 2833 1570
2807 1537 2825 1562
2826 1541 2862 1523
2846 1576 2816 1538
2827 1571 2811 1578
2834 1561 2833 1582
2822 1574 2857 1560
2847 1565 2862 1564
2811 1573 2801 1572
2852 1579 2819 1561
2809 1565 2811 1571
2803 1568 2813 1570
2816 1564 2822 1563
2828 1573 2803 1578
2825 1585 2824 1570
