4096 4096
1123      
619 1017 130 66
3 472 936 831
607 855 563 535
200 807 63 996
866 320 119 102
227 98 893 124
17 293 159 881
353 371 554 995
267 826 608 307
538 968 1019 638
28 975 531 720
651 125 996 1012
1004 556 22 793
858 191 14 488
893 770 684 885
403 351 181 211
154 186 771 952
173 668 1006 692
884 995 475 915
674 33 1009 654
224 183 628 893
543 30 849 764
599 865 398 447
857 503 396 272
213 959 714 915
503 302 372 894
551 921 813 619
845 131 917 228
561 48 290 227
690 668 837 169
252 262 504 101
89 785 123 634
753 73 32 928
558 562 94 156
59 991 867 737
8 1453 723 1303
185 1464 766 1996
205 1178 482 1363
964 1089 340 1870
1003 1067 921 1810
259 1416 855 2006
795 1116 82 1333
842 1762 848 1527
611 1303 362 1275
353 1895 599 1157
126 1839 339 1825
330 1038 323 1568
658 1503 953 1742
360 1597 902 1448
829 1865 453 1549
703 1603 472 1978
301 1338 777 1263
960 1493 184 1374
785 1767 379 1819
150 1873 927 1178
543 2046 1016 1874
501 1369 320 1871
178 1968 441 1523
681 1803 270 1400
300 1739 571 1524
130 1258 684 1380
988 1048 37 1068
343 1380 547 1115
695 1074 876 1952
100 1341 447 1624
698 1139 421 1674
365 1318 294 1322
934 1874 609 1787
558 1629 540 2020
897 1372 795 1287
196 2256 79 2817
92 2220 243 2619
887 2218 123 2736
971 3043 490 2725
524 2163 1002 2575
602 2995 345 2427
12 2856 786 2847
63 2180 688 2740
114 2108 643 2515
1011 2558 871 2870
781 2329 852 2724
676 2707 613 2481
36 2986 413 2543
356 2297 317 2542
505 2877 547 2548
597 3071 347 2497
1021 2253 826 2396
352 2451 730 2859
387 2095 274 2709
685 2670 719 2728
12 2584 926 2965
986 2725 185 2339
362 2886 925 3033
418 2975 808 2777
433 2412 393 2102
484 2947 87 2837
824 2192 961 2363
186 3014 60 2248
411 2711 566 2185
663 2514 28 2260
702 2324 999 2298
330 2997 10 2075
1013 2666 862 2914
586 2166 469 2329
46 4018 172 3616
410 3789 458 3876
49 3640 292 3684
59 3970 81 3077
259 3368 147 3439
262 4063 512 3281
74 3823 666 3683
634 3076 234 3657
783 4036 825 3087
764 3991 131 3599
175 3241 373 3340
285 3824 798 3919
779 3443 662 4094
591 3894 446 3201
292 3628 535 3450
185 3642 128 3776
410 3480 847 3240
682 3629 123 3106
147 3635 89 3672
722 3198 69 3178
784 3257 1011 3408
218 3764 108 3151
799 3874 10 3487
339 3966 35 3998
432 3456 141 3547
493 3492 358 3337
192 3330 691 3148
893 3970 495 3298
404 3609 899 3405
612 3597 155 3491
373 3854 598 3385
3 3520 675 4088
1806 642 2042 505
1462 768 1149 739
1538 472 1681 575
1567 664 1202 542
1945 498 1831 514
1118 833 1784 748
1115 780 1969 522
1564 454 1483 817
1711 132 1113 771
1224 978 1349 219
1771 241 1490 825
1813 920 1600 361
1645 199 1914 854
1225 310 1975 633
1438 164 1184 234
1635 859 1473 359
1174 319 1172 391
1221 673 1763 448
1482 375 1186 809
1659 168 1673 232
1742 950 1459 897
1512 154 1052 466
1195 112 1654 388
1826 34 1504 0
1916 841 2015 755
1292 573 1361 165
1636 582 1554 616
1072 945 1652 514
2031 415 1280 593
1622 48 1198 892
1803 262 1676 863
1867 558 1692 570
1898 1786 1043 1667
1828 1452 1378 1339
1177 1919 1186 1042
1127 1934 1824 1578
1117 1079 1035 1659
1693 1338 1481 1695
1849 1139 1432 1904
1666 1546 1463 1124
1659 1258 1261 1432
1211 1475 1575 1358
1583 1250 1039 1331
2010 1947 1246 1045
1620 1674 1253 1034
1917 2035 1976 1653
1960 1627 1177 1438
1719 1782 1969 1221
1224 1417 1483 1498
1098 1480 1674 1857
1695 1078 1842 1504
1314 1650 1393 1932
1979 1533 1963 1875
1861 1975 1790 1337
1399 2037 2027 1348
1614 1929 1062 1825
1950 1673 1359 1462
1506 1402 1030 1363
1071 1157 1826 1765
1113 1133 1476 1899
1502 2042 1716 1495
1818 1865 1589 1055
1245 1995 1728 1810
2000 1182 1259 1515
1818 1077 1086 2013
1206 2189 1749 2401
1589 2619 1992 2863
1176 2122 1411 2812
1182 2730 1584 2497
1457 2315 1576 2356
1831 2749 1993 2119
1461 2678 1305 2980
1066 2915 1482 2754
1489 2094 1157 2084
1981 2536 1896 2944
1429 2084 1101 2072
1746 2609 1964 2460
1658 2771 1203 2666
1173 2166 1783 2338
1497 2873 1706 3039
1443 2987 1696 2176
1063 2305 1763 2182
1461 2930 1453 2688
1207 2967 1323 3050
1155 3058 1106 2328
1672 2655 2015 2299
1747 2614 1099 2691
1806 2773 1613 2156
1372 2535 1537 2256
1677 2453 1694 2562
1933 2664 1911 2534
1036 2969 1998 2518
1346 2073 1880 2162
1234 2284 1064 2610
1935 2376 1700 2658
1507 2794 1260 2597
1911 2318 1070 2871
1548 2859 1114 2500
1209 3001 1816 2775
1028 2468 1927 2312
1211 3436 1266 3411
1796 3171 1147 3428
1461 3280 1884 4033
1101 3457 1698 3696
1750 3754 1509 3686
1203 3894 1490 3860
1108 3449 1220 3744
1768 3675 1579 3091
1406 3328 1196 3613
1991 3940 1460 3415
1860 3397 1693 3129
1675 3286 1783 3401
1772 3747 2020 4022
1038 3623 1793 4061
1127 3517 1718 4046
1822 3366 1537 3578
1745 3845 1294 3094
1162 3393 1557 3074
1744 3642 1751 3161
1168 3479 1711 3370
1113 3537 1309 3411
1313 3103 1559 3340
1539 3939 1650 3266
1483 3649 1904 4092
1151 3076 1184 3855
1972 3221 1869 3223
1985 3190 1354 3782
1724 3876 1812 3434
1985 3759 1170 3784
1854 4040 1760 3072
1548 3111 1033 3991
3071 594 3037 131
2321 969 2995 867
2213 807 2236 79
2534 790 2075 718
2942 417 2402 323
2440 889 3011 995
2521 438 2166 740
2960 934 2528 932
2318 20 2252 428
2324 323 2704 329
2616 5 2582 60
2800 538 2723 896
2366 906 2443 682
3059 463 2271 134
3049 795 2984 78
2278 543 2268 96
2390 479 2313 540
2698 661 2828 718
2835 948 2579 930
2963 499 2982 104
2600 964 2490 290
2894 319 2076 642
2387 860 2067 135
2186 1012 2193 748
2962 797 2474 832
2179 159 2754 699
2140 15 2944 949
2609 823 2898 334
2543 574 2646 819
2868 626 2411 481
2123 314 2456 342
2390 328 2891 180
2313 263 2951 999
2446 628 2135 143
2929 654 2365 24
2817 368 2832 94
2875 1900 2817 1866
2474 1089 2113 1965
2456 1999 2059 1377
2077 1507 2888 1542
2804 1152 2549 2012
2728 1365 2653 1981
2943 1814 2519 1129
2179 1556 2791 1941
2210 1482 2181 1386
2352 1908 2348 1702
2711 2002 2549 1454
2915 1188 2776 2044
2406 1993 2288 1924
2936 1869 2439 1310
2461 1456 3064 1062
2793 1477 2873 1130
2458 1211 2685 1627
2346 2028 2302 1653
2274 1745 3005 1921
2975 1054 2203 1475
2987 1396 2412 1028
3034 1327 2822 2000
2247 1851 2775 1273
2493 1592 2507 1979
2816 1189 2172 1174
2379 1332 2596 1858
2221 1833 2717 1506
2489 1313 2894 1882
2968 1027 2825 2020
2220 1992 3020 1179
2324 1707 2478 1094
2207 1039 2286 1528
2696 1763 2557 1861
2285 2792 2142 2388
2278 2979 2549 2154
2788 2334 2445 2774
2824 2835 2566 2742
2291 2248 2544 2177
2112 2569 2915 2657
2187 2366 2355 3012
2650 2830 2329 2189
2377 2672 2278 2687
2898 2619 2260 2896
2797 2436 2604 2828
2505 2186 2977 2927
2312 2963 2995 2137
2212 2827 2359 2083
2301 2982 2844 2841
2684 2613 2637 2938
2855 2246 2185 2126
2150 2413 2535 2196
2284 2885 2377 2183
2899 2440 2275 2877
2553 2959 2089 2096
2120 2679 2683 2391
2935 2820 2371 2377
2287 2353 2786 2826
2571 2494 2093 2456
2115 2367 3031 2158
2170 2905 2833 2532
2341 2611 2843 2597
2435 2113 2367 2143
2708 2950 2678 2571
2155 2801 2985 2611
3059 3676 2406 4002
2980 3763 2437 4061
2559 4022 2318 3172
2967 3740 2643 3678
2263 3649 2447 3392
2347 3454 2754 4054
2651 3254 2096 3885
3021 3147 2774 3748
2582 3343 2409 3580
2906 3989 2388 4024
2909 3250 2901 3166
2406 3130 2875 4091
2992 4034 2812 4075
2567 3468 2274 3991
2766 3229 2939 3736
3030 3826 3047 3092
2450 3937 2760 3447
2386 4007 3032 3313
2305 3319 2481 3573
2658 3082 2271 3831
3023 3172 2647 3092
2741 3242 2376 3820
2867 3710 2072 3373
2992 3954 2981 3361
2347 3736 2697 3707
2269 3201 2744 4085
2575 3801 2505 3892
2171 3356 2533 4001
2176 3905 2777 3412
2099 3948 2561 3528
2431 3311 2475 3804
3049 4084 3006 3346
2472 3304 2685 4050
2469 3338 2764 3810
2967 3129 2599 3488
3501 805 3097 39
3595 81 3274 101
4082 378 3288 290
3960 450 3210 427
3437 323 3326 549
3943 837 3747 107
3971 587 3817 88
4083 775 3085 3
3347 278 3133 594
3151 238 3852 439
3659 43 3383 218
3166 134 3694 952
3142 372 3618 481
4020 545 3271 44
3088 231 3285 991
3092 992 4056 178
3489 584 4049 452
3497 883 3806 423
3861 77 3230 71
3602 581 3723 38
3296 873 3655 183
3340 438 3898 788
3450 812 3241 765
3966 478 3753 741
3654 528 3509 782
3966 250 4034 290
3978 575 3651 789
3128 99 3781 853
3497 372 3538 794
3103 895 3522 596
3980 601 3342 215
3827 357 3661 431
3366 410 3331 691
4091 319 3632 937
3853 1207 3620 1479
3776 1321 3855 1536
3291 1422 3956 1079
3355 1162 3937 1786
3723 1734 3846 1539
3075 1763 3994 1953
3294 2010 3962 1420
3383 1897 4007 1326
3227 1038 3422 1466
3224 1528 3820 1999
4062 1700 3932 1062
3159 1367 3232 1880
4015 1233 3709 1122
3989 1150 4079 1503
4014 1289 3616 1804
3108 1419 3183 1910
4049 1623 3782 1049
3120 2013 3481 1961
3160 1146 3399 1456
4056 1167 3863 1702
3433 1841 3291 1959
3472 1217 3130 1075
3320 1692 3518 1423
3568 1691 3435 1236
3615 1698 3224 1556
3908 1517 3491 1270
3662 1809 3415 2013
3846 1222 3863 1527
3609 1830 3505 1711
3906 1597 3734 1616
3638 1782 3389 1572
3959 1210 3729 1590
4007 1849 3804 1502
3474 2147 4076 2910
3728 2397 3257 2200
3259 2339 3718 2169
3543 2634 3790 2770
3105 2675 3485 2131
3241 2176 3877 2212
3273 2066 3494 2943
3526 2756 3712 2096
3307 2985 3903 2236
3727 2675 3783 2303
3233 2152 3573 2705
3348 2067 3949 2447
3787 2647 3449 2673
3376 2681 3601 2819
3191 2660 3332 2589
3095 2194 3150 2647
3983 2993 3816 2794
3475 2662 3159 2821
3300 2674 3122 2921
3284 2580 3929 2849
3838 2936 4014 2967
3897 2234 3645 2301
3932 2816 3298 2181
3292 2505 3779 2337
3443 3001 4068 2706
3899 2097 3914 2529
3892 2279 3737 2616
3699 2999 3402 2970
3441 2294 3515 2756
3765 2057 3285 2412
3287 2963 3569 2938
3377 3286 3848 3257
3701 4093 3522 3196
3839 3821 3952 3599
3200 3684 3404 3322
3192 3330 3418 3906
3630 3543 3414 4075
3855 3931 3476 3165
3757 3958 3715 3698
3093 3336 3145 4009
3667 3390 3556 4016
3360 3634 3323 3346
3628 4056 3923 3362
3598 3218 3076 3265
3167 3886 3316 3652
3653 3216 3320 3255
3542 3596 3263 3361
3300 3210 3534 3670
3240 3097 3484 3116
3389 3407 3207 3372
3662 3751 3979 3150
3103 3924 3638 3830
3858 3883 3717 3642
3730 3107 3727 4052
3533 3970 4018 3243
3955 3435 3091 3428
3347 3092 4048 4020
3954 3602 3393 3096
3915 4060 4041 3324
3353 3732 3827 3648
3173 3475 3095 3762
3590 3134 3998 3736
3500 3109 3587 3560
3295 4015 3466 3656
3160 3433 3238 3760
3131 4050 3305 3773
4006 3937 3646 3770
425 1063 1888 1009
1249 978 423 985
1321 1071 4 1042
1991 991 584 1060
1079 1038 479 1044
478 2020 1845 2005
1548 2019 257 2063
2 2039 1445 2081
1892 2007 389 2087
1603 2010 245 2047
1703 3114 72 3030
1436 3042 1429 3057
1217 3101 523 3074
1894 3085 1993 3100
84 3067 1037 3021
1905 1017 2686 1068
1749 988 2202 1003
2071 983 2217 1043
1256 1056 1780 983
1891 1048 2473 1025
2531 2056 1776 2030
1606 2003 2813 2067
2003 2094 1202 2085
2588 2066 2720 2053
2866 2074 1759 2061
1469 3107 3037 3091
1505 3073 2095 3121
1316 3120 2262 3069
1778 3062 1370 3096
1900 3078 1736 3104
3883 1034 3770 1009
3106 1022 2682 1042
2509 990 2470 1061
2557 1052 3340 1056
2220 1036 2221 973
2783 2059 3562 2036
2428 2051 3553 2053
4034 2019 3620 2056
3657 2042 2674 2008
2675 2031 2464 2081
2400 3120 3666 3039
2389 3073 3698 3021
3741 3056 2132 3064
3915 3060 3714 3031
3264 3093 3431 3056
1029 1065 991 1967
998 295 992 1605
1005 1844 1049 556
973 219 1034 1163
977 579 1036 694
1065 2015 1017 1180
1028 2373 1001 1263
1030 2983 983 2559
990 2850 1010 1125
1031 3003 977 2030
1030 3826 1052 2532
1071 3047 1066 2548
1032 2669 1029 2763
1048 3400 989 3260
1020 3353 991 2438
2050 624 2095 1631
2054 1359 2092 840
2025 686 2026 1662
2011 1615 2036 1505
2021 783 2077 1557
2090 2317 2057 1775
2031 2569 2052 1803
2087 2951 2061 2166
2054 1446 2046 2072
2043 2801 2078 1769
2013 3618 2027 2867
2085 3872 2008 2322
2072 2168 2071 3517
2064 3920 2045 2167
2094 2881 2039 3635
3111 714 3070 1306
3039 1240 3114 1684
3082 1689 3036 1944
3058 727 3054 267
3060 433 3046 690
3102 2882 3076 1176
3029 2104 3075 1899
3035 2462 3029 2764
3096 2304 3122 2587
3109 1149 3121 1863
3069 2123 3050 2140
3054 2089 3096 2901
3080 3248 3064 2308
3052 2733 3032 2654
3074 2656 3061 3443
1586 2778 4057 671
1207 754 1275 2318
1524 3274 4087 2966
1363 3540 3622 2590
2468 2704 102 1114
3711 3832 114 1648
92 868 2987 1506
3859 1995 3204 880
1201 3320 3260 1785
1392 1523 407 3485
2171 777 2003 3417
225 3741 3636 1167
3061 897 3741 3644
603 2488 4034 1529
2874 3851 3707 2247
2302 3228 747 2382
2351 3608 2441 3031
518 2440 920 1650
1814 2799 3552 198
1662 262 1436 1445
2343 1677 3865 1516
3695 4027 3849 946
1269 1972 3013 2453
1091 1894 1456 402
261 155 1323 2062
3259 101 2833 3766
3694 3998 3179 436
2335 1846 2470 733
2626 3343 20 1991
2278 1062 2923 2570
262 2377 1186 2281
1138 3746 1345 1500
1879 2533 3322 4024
72 3643 2996 1694
80 2821 1269 1341
386 1341 3803 1372
682 935 1740 3051
211 3980 1201 2833
3810 3444 79 4038
2685 1305 1973 3651
3712 3301 4049 3972
3178 4043 996 3712
233 369 2770 406
2067 306 641 1883
1364 3812 720 4069
3374 2205 1801 2134
4013 4012 1226 3219
568 1527 460 3170
369 2605 739 3198
1279 1158 2702 652
3600 3656 2318 2054
2766 737 3350 2608
3929 525 4071 1078
3545 521 3464 2744
859 1408 352 3874
719 1470 2888 1763
373 3876 645 3555
2200 2904 3075 1176
2837 205 1888 1777
127 599 3918 1187
1198 1835 554 672
3947 2658 1790 206
1109 1430 3615 3443
2671 2453 1672 4011
3968 2080 280 1352
606 3945 331 563
3348 3684 2629 2864
3803 2096 681 14
663 3666 3387 2588
3988 1797 3561 1738
3494 3566 1230 3127
2398 2798 106 1438
85 2442 3812 3390
1380 3449 1387 2298
488 1017 3065 1386
2392 1221 3197 2430
3874 2688 2218 3029
738 768 2616 2805
1711 2464 1972 3408
1475 1700 2063 524
612 2856 4000 2987
3305 2861 2928 2743
2065 1557 580 52
1667 1504 723 2860
3302 3184 3756 1203
1859 1074 4081 2357
3262 2143 755 2479
26 3030 1388 1138
1211 194 1379 172
3138 2070 3883 988
2747 1465 1579 1394
1416 2256 701 1921
351 535 921 3635
1050 2657 1385 3527
911 4006 1733 3905
1180 200 1870 2932
294 3893 1495 1600
846 2264 3451 767
1106 3615 743 2872
1139 513 1580 1101
3544 3166 3441 982
330 3673 2662 3472
3257 1809 1264 1134
1453 1620 2054 1450
184 464 3634 771
483 1092 701 986
961 1565 2315 1444
3171 683 3334 1374
788 1533 104 54
1890 81 1475 532
2202 1408 2997 95
1792 1873 3802 1679
3618 454 3858 749
1819 1279 796 1784
3983 828 41 550
3304 2047 4001 1911
2139 223 3702 567
1075 1902 3244 1597
2349 393 2730 1146
4000 777 1288 728
1788 809 4046 7
104 463 3412 687
3657 978 3110 1284
2917 380 2654 1604
791 1653 3423 1823
1891 1160 2089 499
2670 965 413 1072
3962 1337 3675 445
3544 1300 3200 599
1571 657 1710 577
3872 557 1790 457
3586 1272 1868 448
160 313 3316 2042
3233 904 3931 1793
3984 320 2056 1636
2196 1519 273 1613
3702 209 3576 748
2911 258 3173 1063
764 1031 2124 1779
2443 335 304 1901
2744 910 3287 1579
3931 1402 2620 1719
2115 1161 1837 1004
1093 238 3833 811
100 1754 1919 1772
1213 2006 2375 1596
3920 1178 3437 1665
1313 146 3594 1106
2608 1942 1658 1857
2067 142 3025 1070
454 1803 2417 1108
3146 1408 3187 5
2674 130 1399 205
3956 233 1496 723
3842 417 2882 1968
2439 1619 2750 1690
1270 94 455 122
1170 1099 1078 1946
2980 1153 2735 860
2143 1467 3100 967
2958 1843 2147 10
3955 1543 2944 1575
3961 9 2590 1075
3869 924 2498 704
2269 320 3674 405
3061 691 2876 1007
2886 190 2665 1573
2663 139 2210 887
3196 528 2907 1529
2765 1396 3237 1986
2244 622 2517 1725
3565 460 3454 1824
3850 628 3821 955
3500 1084 3805 149
3213 1513 2785 1828
2686 799 2989 42
3266 1156 3584 292
4085 671 2534 642
2494 728 3450 1405
3202 81 2771 941
3805 1491 2339 382
2133 366 2213 1101
2383 1099 3988 1669
2968 1215 3286 1389
3298 1917 2551 939
2987 388 2966 26
2256 817 3311 885
4081 75 3438 306
2426 521 3510 51
3816 670 3708 883
2320 571 3551 162
2149 809 3865 425
3048 861 2818 581
2322 690 3170 646
3523 752 2104 967
2782 244 3037 951
3167 60 2269 269
3515 677 2369 612
2534 702 2624 188
2397 213 2723 224
2423 334 2649 50
2132 568 2101 657
2821 580 3011 154
2088 280 2370 561
2654 90 2366 445
2512 59 2224 204
2368 212 2150 151
2928 234 2743 103
2332 254 2210 309
2681 266 3016 32
3069 151 2998 83
3054 186 2694 407
2966 378 2641 379
2616 393 2970 413
2756 216 2631 73
2769 352 2606 75
2628 213 2704 110
2569 469 2626 203
2758 31 2753 370
2722 290 2599 353
2581 505 2719 267
2562 462 2576 308
2751 458 2628 349
2635 501 2667 370
2757 338 2745 430
2717 349 2754 332
2786 290 2723 423
2740 292 2713 290
2698 502 2766 406
2725 464 2720 420
2733 302 2705 442
2740 361 2714 321
2714 447 2701 265
2688 284 2697 382
2747 286 2714 299
2694 331 2726 266
2712 277 2737 311
2700 276 2722 259
2688 331 2719 297
2691 295 2717 282
2720 296 2705 312
2713 269 2703 291
2713 265 2692 270
2707 268 2716 310
1318 1733 1571 1473
1376 1699 1129 1353
1427 1449 1375 1435
1386 1400 1329 1344
1292 1380 1461 1282
1413 1700 1467 1666
1605 1896 1391 2119
1140 1984 1517 1771
1319 2057 1473 1985
1359 2043 1558 2156
1217 1877 1436 1830
1159 2271 1189 2108
1261 2382 1157 2590
1342 2326 1540 2730
1188 2672 1373 2655
1330 2617 1547 2344
1467 2362 1515 2371
1535 2686 1473 2600
1442 3295 1213 3207
1131 3162 1268 2823
1153 2870 1219 3086
1474 3060 1155 2912
1286 3178 1526 3298
1585 3247 1269 3073
1651 1505 1738 1672
1814 1574 2051 1375
2070 1291 1884 1352
1682 1297 2115 1714
1687 1361 2006 1511
1775 1571 1878 1601
1910 1897 2120 2065
2061 1849 1806 2088
1996 1783 2081 1775
1825 1806 1769 2231
1924 2021 1665 2213
1694 1965 1650 2187
1791 2573 1978 2529
2065 2375 1624 2704
1662 2579 1999 2370
1879 2355 1974 2524
1799 2316 1814 2348
1821 2768 2087 2552
1985 3056 1708 3019
1698 3280 1994 3274
1922 3057 1711 2847
1976 3241 1630 3254
2037 3033 2000 3177
1864 2883 1723 3274
2291 1349 2448 1510
2375 1429 2242 1357
2146 1381 2216 1363
2263 1511 2455 1321
2521 1354 2505 1346
2186 1709 2557 1268
2496 1854 2218 1887
2584 1975 2203 1963
2632 1824 2138 1979
2361 1850 2185 2240
2403 1888 2204 2124
2282 1917 2514 2119
2427 2568 2619 2380
2351 2347 2247 2736
2495 2631 2138 2600
2448 2628 2563 2583
2442 2628 2124 2568
2593 2643 2569 2534
2376 3268 2321 3037
2583 3098 2380 2827
2500 3257 2413 3102
2296 3082 2202 2906
2224 3177 2439 3107
2318 3211 2508 2965
3103 1649 2933 1319
3119 1743 2674 1655
2760 1268 3043 1422
3012 1512 2730 1632
2675 1464 2693 1398
2655 1649 2962 1747
2942 2202 2967 1922
2877 2010 3038 2117
2836 1805 3090 1808
3028 2269 2838 1798
2878 1957 2993 1941
2762 1923 2707 1767
3041 2531 3108 2702
2836 2561 3009 2343
2811 2508 3079 2421
2874 2309 2854 2307
3115 2690 2755 2749
2825 2511 2911 2554
3124 2869 2811 3129
2956 3203 2875 2972
2715 2879 2646 3158
3068 2803 3033 3145
3020 2839 2949 3099
3113 2826 2998 3242
1975 1754 1504 1747
1295 1748 1588 1788
1753 1748 2065 1769
1948 1767 1411 1755
1703 1742 2114 1777
1134 2254 1151 2288
1160 2289 1322 2258
2110 2262 1514 2254
1144 2297 1120 2293
1676 2255 2096 2277
1164 2794 1994 2780
1438 2780 2094 2812
1957 2802 1545 2782
1596 2791 1321 2766
2035 2766 1159 2802
1741 1785 2569 1761
1853 1778 2265 1773
1771 1784 2591 1787
1724 1743 1772 1786
2025 1781 1889 1777
2486 2290 1742 2282
1888 2289 1663 2300
2486 2278 1770 2286
1974 2258 2274 2275
2082 2289 2454 2293
2413 2814 2528 2780
1746 2805 2102 2794
1730 2763 1987 2769
1816 2766 2444 2771
1833 2799 2557 2805
2756 1782 2237 1764
2720 1739 2242 1766
2340 1756 2343 1782
3020 1775 2291 1770
2478 1788 2550 1753
2664 2257 2585 2279
2398 2288 2471 2259
2582 2279 2869 2261
2304 2273 2211 2258
2978 2258 2997 2296
2865 2798 2472 2763
2231 2796 2161 2766
2806 2764 2159 2791
2126 2771 2420 2773
3086 2789 2417 2785
1635 2016 1585 2228
1608 1848 1627 1884
1615 1681 1592 2049
1611 2239 1613 1427
1634 2035 1606 2201
1589 2042 1586 2438
1602 2642 1606 2345
1623 2048 1605 1837
1609 2065 1610 1922
1595 2774 1606 2626
1588 2982 1616 2562
1632 3201 1612 2439
1602 2372 1630 3040
1624 2343 1587 3231
1618 2776 1594 2763
2097 2013 2112 1292
2137 1767 2138 1770
2096 1387 2103 1830
2134 1274 2132 1280
2139 1991 2118 1925
2114 2066 2142 2637
2142 2775 2111 2505
2134 2194 2132 1766
2117 2184 2120 2361
2129 2604 2132 1987
2138 2456 2100 2829
2117 2649 2125 2290
2146 3003 2137 3246
2133 2475 2127 2724
2129 2971 2110 2626
2653 1534 2656 1762
2629 1290 2643 1988
2633 1952 2651 1551
2654 1920 2619 1384
2630 2078 2621 2105
2641 2239 2643 1920
2654 2524 2630 2571
2633 2319 2610 1861
2618 1849 2646 2601
2647 1958 2632 2462
2655 3035 2636 2909
2628 2859 2626 2407
2621 2766 2641 3200
2643 2998 2637 3085
2629 2354 2642 2683
2726 2409 1212 2741
2581 1335 2839 2485
2801 1725 2627 2175
2388 1513 1467 1942
1301 2700 2883 1826
2418 2701 2575 1912
2296 1765 2244 1785
2714 2841 1604 1990
2544 1372 3113 2863
1322 1866 2413 2094
2247 1427 2815 3188
1435 2454 2931 1696
1464 1838 2878 2825
1735 2053 1698 2975
2102 1924 2303 3120
2192 2523 1725 1492
2015 2493 1329 1984
1667 2762 2576 2487
2463 1655 2317 1277
2639 1882 2272 2179
2699 2355 1696 2422
1517 3199 1339 1407
1127 3050 1222 1881
1372 1873 1305 1850
1833 2215 1259 3181
1618 1893 1469 2476
1547 2109 1814 1726
2091 1345 1701 3086
2017 2542 1874 1778
1788 1424 1485 2797
1585 2238 1524 2297
1309 2722 1829 3142
1880 1930 1567 2260
1765 1837 1475 1728
1181 1601 1564 1417
1515 1704 1983 1719
1529 1492 1945 1599
1340 1484 1858 1654
1978 1404 1865 1616
1982 1412 1515 1271
1385 1710 1663 1468
1754 1513 2083 1456
1707 1461 1814 1383
1983 1310 2026 1299
1835 1521 1779 1391
1610 1630 1796 1373
1845 1472 1946 1521
1891 1253 1753 1387
1835 1378 1913 1334
1762 1485 2044 1376
2041 1309 1622 1505
2039 1390 1734 1420
2113 1368 1961 1311
2044 1269 1838 1353
1623 1279 1867 1267
1919 1380 2000 1319
1707 1359 1825 1297
2112 1314 1791 1260
1847 1281 1789 1313
1908 1284 2049 1292
1838 1289 1654 1275
1611 1305 2118 1275
1776 1254 1649 1274
1777 1253 1951 1274
1789 1284 1981 1267
1729 1281 1774 1265
2068 1257 1747 1262
