4096 4096
539       
728 368 519 661
382 419 941 518
617 56 756 531
725 370 673 97
704 801 737 407
70 816 145 390
670 224 871 820
926 979 70 845
527 1152 941 1384
804 1419 1013 1521
373 1402 351 1340
976 1059 567 1063
223 1621 998 1287
969 1471 394 1805
913 1961 499 1290
867 1098 694 1975
799 2385 964 2349
569 2263 402 2533
1006 2709 889 2213
829 2937 149 2519
415 2621 459 2176
985 2797 195 2809
710 3045 667 2130
424 2195 334 2788
115 3686 526 3574
367 3939 1020 3702
740 3077 483 3251
34 3894 364 3869
758 4030 247 3773
537 4020 685 3185
207 3540 21 3790
446 3472 934 3096
1915 889 1035 187
1111 693 1147 672
1601 328 1779 956
1576 656 1732 575
1355 916 1084 162
1083 725 1721 185
1396 501 1109 689
1700 234 1282 729
1052 1099 1596 1046
1891 2016 1944 1107
1422 1267 1084 1396
2023 1165 1521 1754
1737 1367 1118 1807
1847 1738 1152 1476
1428 1383 1991 1718
1544 1884 1769 1545
1619 2833 1224 2225
1973 2658 1492 3059
1850 2136 1939 2921
1699 2728 1627 2380
1056 2765 2026 2234
1783 2359 1912 2497
2030 3009 1754 2755
1395 2554 1575 2436
1288 3388 1808 4066
1486 3673 1973 3469
1959 3452 1868 4027
1418 3302 1891 3250
1141 3341 1185 4046
1482 3776 1679 3482
1494 3541 1452 3260
2004 3584 1739 3722
2447 110 2302 623
2355 70 2208 62
2180 897 2945 773
2072 446 2096 801
2137 203 2341 775
2522 247 2547 978
2689 85 2567 656
2053 385 2114 559
2162 1726 2307 1188
2866 1625 2796 1110
2885 1191 2677 1362
2794 1704 2590 1265
2827 1912 2519 1658
2826 1497 2619 1043
3051 1849 2489 1656
2610 1742 2952 1400
2900 2953 2424 2405
2966 2338 2555 2350
2475 2479 2729 2087
2255 3071 3024 2504
2696 2164 2252 2774
2658 2344 2413 2534
2101 2620 2231 2342
2788 2729 2254 2101
2246 3271 3049 3347
2568 3937 2845 3369
2151 3330 2307 3436
3047 3912 2389 4004
2890 3245 2751 3933
2700 3905 2553 3108
2382 3997 2709 3169
2367 3628 2661 3475
4039 1 3537 932
3742 251 3690 641
3807 641 3388 526
3952 990 3888 851
3566 648 3679 513
3675 37 4015 772
3538 347 3639 280
3453 58 4058 164
3758 1742 3095 1270
3679 1279 4022 1803
4084 1997 3222 1872
3685 1106 3975 1240
3716 1354 3798 1694
4000 1773 3444 1386
3079 1034 3501 1271
3905 1270 3723 1129
4028 2517 3987 2760
3271 2312 3774 2864
4026 2785 3352 2682
3240 2587 3317 2612
4067 2799 3964 2314
3711 2560 3107 2663
3789 2115 3431 2274
3159 2794 4026 2103
3610 3840 4085 3932
4038 3925 3125 3754
3985 3349 3506 3241
3434 3105 3131 3571
3233 4019 3421 3993
3840 4079 3472 3676
4043 3220 4092 3315
3910 3525 3143 3703
839 1006 1395 1071
1579 1031 883 1068
643 1074 685 1030
1273 1004 936 1007
1698 976 1111 1041
671 1999 1032 2032
311 2043 1400 2014
584 2079 446 2022
608 2005 404 2075
1140 2042 1243 2044
996 3057 1238 3111
1830 3114 332 3067
251 3089 605 3086
879 3086 1203 3100
951 3103 886 3080
2766 1010 2692 1057
1127 1068 2074 1063
1157 992 2306 1070
1747 1009 2123 1055
2543 1006 2083 1042
1711 2022 1214 2069
2176 1997 1561 2043
1856 2066 1906 2014
1923 2018 1094 2043
2921 2084 1133 2052
2300 3082 1046 3032
2137 3094 2766 3111
1524 3073 3031 3062
3057 3038 2869 3111
1187 3036 2943 3119
3569 1055 2195 988
2515 1028 2103 1045
2767 1010 3224 999
3362 1066 2629 1025
3146 975 3962 1042
3173 2050 3584 2057
3250 2084 3178 2030
2375 2064 2344 2028
3004 2012 2072 2069
3929 2044 2306 2047
2657 3086 3009 3094
3832 3024 3276 3105
2748 3043 3284 3093
3356 3058 3575 3047
3692 3063 2914 3029
1028 368 1063 971
1006 1459 1015 1994
995 2013 1010 410
1040 9 1041 774
1037 1098 1046 1190
990 1831 988 2333
1047 2603 1071 3041
1012 2633 976 2885
995 1742 977 1814
1004 2282 1055 2505
979 2831 1035 2925
1022 3376 1013 3361
1008 3147 1049 2969
980 2461 1000 3037
1017 2469 1052 2205
2052 1418 2027 869
2066 114 1999 272
2084 1594 2022 1292
2089 971 2033 1163
2081 1352 2056 1519
2068 1184 1999 2750
2065 2170 2004 2924
2097 2812 2095 2424
2008 2864 2074 1295
2074 2399 2096 2249
2077 2889 2038 2625
2091 3350 2050 2224
2082 2545 2019 3857
2076 3877 2033 3253
2095 2436 2069 3340
3021 1692 3106 313
3094 1567 3061 1805
3095 1682 3078 618
3050 877 3068 1259
3080 466 3054 1274
3030 1886 3024 1998
3090 1031 3104 2179
3065 1439 3064 2874
3112 1347 3113 1918
3075 1914 3102 2510
3036 2498 3021 3244
3081 2627 3089 2371
3081 2877 3049 3660
3034 3623 3090 2462
3089 3495 3115 2996
1041 2358 444 3991
1727 842 2129 171
279 1734 483 967
3114 3727 3600 1153
605 3616 3859 3998
968 3151 2593 406
2663 2003 4057 3
2998 3330 1868 1511
299 3764 2738 1614
4038 3465 217 20
3170 4035 3178 3307
1633 2946 1504 3358
3323 200 526 3227
1954 78 2342 2573
1922 2545 3960 1191
2887 265 1703 1379
1521 246 728 301
3610 1818 1715 502
1010 2601 3153 3633
3971 784 1137 3180
3662 1086 942 2708
1755 3273 1704 2313
1112 792 3109 1032
2919 1977 1818 2123
3173 3852 2061 3657
1278 3403 2683 3771
1554 2188 579 2649
1140 3398 820 3668
3695 2194 1430 2233
1762 3306 1309 2488
2537 3272 3111 2924
539 3378 2450 2635
184 2324 1193 3818
3685 3402 2230 2471
1691 2783 621 2817
1944 2846 3595 3609
1673 2519 1527 3333
4078 2950 1883 2748
1240 3352 550 3308
3800 3895 1852 3017
2769 2336 3656 2381
3951 3415 3137 2169
2686 3506 3694 3295
2808 3046 2940 3944
2948 3862 3136 3017
3755 3969 2756 3222
2536 2203 3071 4005
2228 3637 2619 4068
2069 3510 3062 3250
2232 3207 2837 2135
3010 3637 2931 2908
2714 3344 2049 3364
2684 3871 2465 3678
2158 3504 2562 4094
2730 3876 2118 3744
2935 3282 2176 3751
2514 3975 2846 3863
2773 3731 2386 3598
2792 4008 2734 4056
2099 3880 2460 3693
2337 3587 2647 3876
3065 3883 2884 3798
3013 3802 2808 4040
2708 3603 2971 3653
2987 3728 3060 3860
2892 3952 2700 3707
2572 3743 2633 3611
2793 3738 2859 3761
2842 3698 2604 3624
3035 3634 2804 3722
2931 3795 2649 3640
2631 3711 2803 3615
2741 3628 2600 3653
2585 3670 2636 3634
2673 3656 2750 3590
2715 3772 2631 3812
2618 3664 2617 3691
2608 3641 2569 3706
2684 3625 2799 3658
2598 3679 2733 3669
2618 3710 2792 3684
2746 3588 2736 3694
2775 3584 2796 3701
2733 3594 2727 3651
2807 3588 2715 3635
2739 3594 2703 3636
2709 3697 2743 3675
2763 3652 2696 3698
2742 3652 2793 3654
2802 3708 2773 3680
2787 3695 2694 3691
2736 3664 2692 3686
2694 3673 2706 3656
2709 3671 2746 3701
2738 3661 2741 3688
2699 3709 2749 3677
957 2340 748 1934
493 2180 539 1872
931 2085 829 2061
879 2206 619 2221
622 2085 564 2006
673 2550 845 2794
666 2407 623 2687
901 2513 596 2719
793 2827 467 2692
844 2700 696 2429
675 2996 908 3114
714 3232 901 2924
837 3354 898 2947
732 3112 520 3123
478 3014 888 2895
879 3777 518 3717
644 3451 479 3754
573 3750 734 3518
555 3864 823 3784
861 3470 851 3606
1026 1951 1349 2043
1192 1959 1316 2117
1138 1949 1421 2318
972 1927 1027 2188
1080 1886 1364 1971
1416 2448 1078 2621
1282 2408 1153 2594
1283 2425 1417 2372
1299 2408 1202 2822
1090 2729 1074 2599
1387 3071 1127 2980
1230 3151 1434 2881
1256 3123 1270 3317
1298 3315 1130 3243
1035 3204 1469 3025
1180 3511 1167 3440
1312 3856 1091 3749
1294 3858 1166 3680
1138 3507 1304 3618
1193 3403 1388 3654
1741 2307 1813 1866
1482 1929 1906 2240
1555 2351 1789 2217
1938 2203 1897 2238
1861 2324 1770 2354
1923 2497 1771 2641
1698 2770 1839 2858
1644 2686 1599 2859
1505 2663 1866 2729
1657 2858 1497 2369
1619 3013 1815 3020
1886 3299 1953 3382
1920 3269 1731 3230
1891 3163 1760 3053
1903 3129 1644 2903
1722 3838 1661 3745
1483 3533 1862 3880
1955 3724 1692 3675
1490 3589 1849 3560
1497 3690 1869 3387
2348 2230 2167 2287
2487 2065 2357 2304
2243 2029 2220 1857
2396 2045 2361 2189
2107 1926 2345 2194
2070 2812 2478 2761
2059 2728 2299 2721
2260 2572 2138 2866
2237 2575 2390 2771
2489 2562 2135 2750
2075 3169 2380 3187
2301 3150 2021 3340
2401 3212 2126 2890
2395 2926 2478 3268
2341 3334 2395 2962
2252 3466 2129 3686
2008 3390 2095 3773
2332 3392 2298 3731
2219 3726 2468 3513
2407 3866 2183 3633
523 2374 1090 2335
1173 2339 908 2342
1307 2375 1457 2381
778 2353 1183 2341
1211 2354 1258 2369
1040 2851 779 2852
1102 2864 1337 2870
640 2846 1430 2880
1387 2890 796 2878
881 2865 687 2850
1005 3380 757 3382
809 3390 858 3399
1220 3368 952 3408
1047 3364 1356 3373
539 3364 648 3403
1191 2337 1404 2344
1352 2352 1244 2349
1293 2336 1120 2361
1326 2353 1262 2362
1920 2372 1446 2340
1421 2865 1544 2897
1011 2870 1043 2850
1970 2873 1787 2848
1946 2886 1009 2856
1985 2882 1631 2865
1259 3378 1007 3384
1520 3360 1461 3407
1041 3395 1875 3361
1987 3382 1844 3398
1784 3364 1886 3395
2174 2363 1704 2346
1534 2360 2337 2351
1535 2341 2425 2351
2057 2346 1795 2380
2235 2350 1999 2385
2489 2871 1750 2860
2254 2861 1855 2880
2389 2860 2136 2869
2419 2885 1856 2883
1483 2871 2447 2866
2434 3375 2376 3378
1566 3392 2381 3364
1578 3389 1860 3383
2212 3398 2378 3371
2045 3386 1600 3361
957 2635 956 2105
966 2287 976 2348
980 2065 972 2179
975 2134 972 2017
968 2715 947 2765
947 2368 954 3340
980 2926 948 2601
968 2807 944 2478
948 2825 983 3309
960 3121 978 2926
943 3205 949 3101
977 2901 966 3732
955 3582 987 3893
968 3376 958 3771
963 3828 940 3171
1461 2297 1460 2357
1491 1921 1472 2554
1474 1920 1473 1977
1452 1872 1497 1876
1461 2486 1470 2189
1473 2877 1467 3284
1495 2982 1476 2624
1473 2953 1495 3056
1485 3328 1455 2887
1495 2940 1490 3255
1496 3196 1491 2936
1454 3597 1452 3432
1501 3643 1484 3013
1481 3051 1458 3466
1454 2970 1486 3876
1967 2790 2012 2676
2000 2840 1982 2773
2001 2322 2008 2485
1998 2119 2007 2703
2003 2631 1993 2391
2011 2477 1979 3234
1978 3255 2011 3051
1979 3289 1964 2465
1982 3315 1984 3001
1970 2973 1999 2828
1975 3836 2013 3607
1969 2904 1991 3837
2013 3324 1977 3790
1965 3100 1995 3448
1965 2956 2009 3513
964 3594 1472 2942
1730 3290 2461 3619
2250 2960 2335 2453
2080 2319 1311 3262
1834 2015 1676 2876
2151 2316 1499 2050
2482 2332 2027 2435
2320 2003 1878 2725
1265 2094 1292 2062
1458 2573 1778 2719
1411 2499 955 2701
2044 2492 1585 2768
1413 2571 2050 2678
1451 2732 2306 2450
2330 2660 832 2720
1195 2731 759 2768
725 2867 551 2630
715 2505 1013 2503
1340 2582 1195 2360
1012 2850 923 2493
959 2673 748 2833
481 2801 512 2822
1409 2672 477 2658
681 2651 901 2747
917 2702 905 2725
913 2682 504 2705
797 2708 635 2692
619 2632 830 2713
657 2718 927 2751
669 2717 666 2848
853 2747 611 2789
561 2795 566 2853
858 2835 585 2806
898 2848 815 2843
947 2865 915 2840
513 2862 466 2790
490 2794 669 2806
629 2799 516 2763
695 2864 555 2857
678 2746 663 2768
509 2802 490 2817
541 2790 540 2857
464 2787 548 2845
504 2790 579 2744
494 2747 572 2761
486 2854 560 2861
573 2829 471 2858
479 2842 557 2833
578 2865 559 2835
496 2866 560 2865
472 2837 559 2813
562 2820 552 2815
574 2826 521 2829
486 2834 518 2817
462 2828 553 2837
