8192 8192
1181      
1767 2023 1657 287
1477 1993 1671 23
1629 1957 653 616
1906 1885 1125 1367
532 653 1436 857
1571 227 1992 499
1331 501 1166 1294
771 2037 2002 1916
110 1321 1955 600
1982 393 1786 1684
83 1342 1178 1263
1004 1171 1155 1361
238 1104 805 706
943 2019 19 1053
1278 1931 367 1392
99 126 1114 1581
1502 1365 877 1190
1619 1673 1949 1542
1426 473 1150 2037
1821 985 1740 1720
160 710 91 278
119 770 1704 142
1993 1433 1444 123
1584 524 1189 1488
1621 351 964 1091
1084 919 1395 498
1400 1113 1244 333
1650 1388 1149 200
242 923 1084 1518
752 365 917 839
2004 1947 77 1032
973 167 1657 682
1297 1869 104 1798
1571 76 1709 1231
1734 857 1824 1322
1370 581 377 413
1815 898 2036 1052
526 1652 1753 324
885 2118 1355 3661
1077 3178 496 2125
1995 2370 2009 3437
1744 2396 1281 2756
139 3495 1901 3369
1479 2105 705 3601
734 2202 1480 2872
1994 2140 1182 4080
768 3853 1950 3017
1808 3152 2019 2875
639 3373 1228 2548
992 3275 437 3308
320 2630 1708 2716
1523 3574 791 2790
899 3783 781 3000
445 3101 915 2876
1209 3396 1206 2166
777 3594 224 3060
898 2563 939 2341
1126 3662 811 3503
991 3256 767 2058
1887 2249 449 4017
689 2094 456 4033
1819 3517 881 3457
384 3165 2015 2726
295 3724 869 2661
1346 2878 21 3102
687 4029 1396 2203
136 3304 538 3444
2032 3405 807 3695
1187 2460 920 3624
1189 2788 758 3251
1361 2558 1600 3982
331 3375 694 3367
100 2632 1415 3007
1192 2354 1006 3765
842 2248 1211 2116
1360 3531 1804 3244
1775 4530 1153 5389
1662 5413 1964 4678
484 4864 1993 5134
1550 4098 1272 5580
1330 4399 68 4638
193 6034 1834 5855
159 5160 1985 4527
64 5272 1744 5098
999 5116 1892 5779
1389 5241 599 5577
465 5131 1638 5584
165 4450 1438 5109
1170 4802 1297 5075
1324 4327 1622 5974
123 5985 52 5086
947 5640 631 5302
597 5124 1742 5274
365 5040 711 5779
1573 5663 309 5757
1853 5374 1382 6119
320 4884 106 4636
1077 4502 1033 5554
1732 4440 387 4586
1322 5831 276 5159
362 4456 44 5926
1439 4691 845 4105
1983 5164 1810 4670
9 4138 186 5589
1323 4553 1050 4831
1056 4834 2026 5164
1846 5380 861 5086
1263 4399 405 4324
110 5557 115 5476
1303 4856 32 4174
1250 5171 101 6026
1836 7539 448 6424
179 7859 90 8115
1555 7032 2047 7052
274 6770 1718 7576
1406 6914 894 7456
152 6882 1993 6404
1213 7655 1912 7369
805 7794 1541 7934
531 7090 1298 6187
1512 7794 1204 6563
1597 6815 62 6906
1975 6562 1078 7843
1882 6990 303 7595
1466 7496 384 6481
1448 6242 783 6664
719 7220 1030 7263
349 6764 269 8151
1961 7513 166 7239
1311 7358 770 6255
34 6578 612 7513
397 7780 761 6645
708 6884 187 8015
1768 6591 1515 7308
1238 7615 1470 7221
410 7158 2027 7000
1308 6372 1977 7018
1489 6645 1961 7380
1302 7996 170 7115
640 6488 867 6570
1450 7102 1161 6438
1938 6616 1427 7659
145 6931 1867 6752
408 7805 713 7657
1779 7950 901 8016
969 6593 1798 7821
3335 1406 2764 1124
3108 1636 3140 1510
3539 1751 3168 1684
2758 1062 3984 713
3827 1554 3486 1462
2172 1393 2315 459
2294 0 2629 1763
3535 449 3142 1265
3645 1225 3551 686
2705 1129 3207 724
2747 1253 2597 278
2164 1643 3814 1576
3752 741 2229 1503
2441 890 2216 962
3869 22 3049 1981
3585 197 2550 1168
2690 20 3635 312
2326 1737 2538 1594
2115 935 2629 1877
3910 1669 2947 175
3087 1887 2527 1812
4079 1249 3529 600
3192 542 2191 276
2942 513 2121 1824
2447 1828 3465 117
2902 153 2796 182
2252 1059 3390 1915
2129 1595 3874 1084
3271 1430 3128 481
3832 1477 3983 216
3043 664 3799 695
3521 685 2327 1482
2968 1576 2951 1318
2121 524 3174 1561
3090 719 3520 1587
2652 4041 3885 2372
3866 2605 2791 3325
2478 2480 2399 3877
3796 2827 3352 3319
3826 2334 3742 3465
2843 3764 2878 3574
2068 3691 3435 2562
3995 3827 2618 2356
3669 3038 2538 3722
3354 2351 3116 2468
2970 2133 2285 3629
2088 3396 2775 2166
2520 2336 3062 2119
3274 3298 2291 2691
2866 3642 2100 2168
2376 2274 3042 3522
3216 2626 3674 3526
3652 3542 3228 3929
3883 3991 2466 2578
3209 2890 2755 3437
3290 3948 2581 3449
3173 2711 3692 2642
3338 2455 2479 2516
2544 3206 2272 3219
2756 3893 3967 2983
2819 3782 2386 3615
2284 4093 2335 3746
2362 3820 2217 2319
3613 3221 3753 3625
2391 2207 3694 2935
3147 3221 2235 2812
3203 3038 3127 3958
3861 2512 3522 2766
4052 4068 3613 3436
3739 2428 3235 4010
3138 5666 2599 4653
4017 4854 2855 5848
2343 5025 3547 5317
3824 4227 2745 4229
2856 5525 2103 4606
3211 5094 3834 5658
2395 4617 3495 5716
2928 5344 2217 5935
2126 5062 2363 5181
2870 4498 3114 5609
2147 5188 3229 4155
2857 5198 3794 4686
2729 5951 3602 4592
2931 4476 2840 5628
3151 4882 2104 4604
2789 5483 4070 4344
3795 5373 3604 5593
4078 4643 2244 4135
2701 4999 3368 5805
2063 5343 3333 5766
3123 4111 3352 4152
3306 6110 2375 5905
2078 5018 2500 5375
3377 5729 3325 5698
3853 5330 3197 5785
2618 5767 4017 5218
2199 4533 3238 4119
2619 4401 2354 5034
3046 5187 2556 4102
2595 4616 3606 4256
3670 4471 2362 4710
2633 5908 2639 5215
2385 6007 3048 5908
2706 5051 2247 4772
4002 8099 4076 8112
2658 6412 3884 7571
2356 7782 3030 7497
2849 7554 2434 6527
4005 6537 2107 6721
2167 7835 3716 6512
2981 6328 3248 7571
2576 7700 3295 7550
2597 7305 3118 6893
2200 7303 2084 7068
2337 7246 2963 7894
3013 6179 2837 7057
3819 7685 3947 7153
3123 6363 4013 6739
2510 8087 2114 6751
3061 7475 3959 6876
3231 6605 2171 7180
2294 7464 3552 7514
2909 6686 2566 7907
3512 8130 2049 7957
2602 6897 2907 7161
2165 8142 3611 7928
2348 7945 3915 7296
3309 6930 2870 6851
3995 7694 3543 7539
3924 7159 3571 6699
3975 6413 2457 7958
3917 8001 2563 7592
3474 7990 3790 6174
3054 7190 3419 7959
2339 7099 4049 6497
2699 6155 3513 6585
2969 6745 3065 7953
6049 1708 5163 1223
4619 361 6062 1412
4900 906 5271 1594
4945 808 4592 1603
5259 352 5531 2026
4957 14 5424 1927
4602 1032 5264 28
4512 1112 4117 1705
4306 1056 4376 427
4381 1510 6101 1268
5858 26 5956 1846
4725 355 5640 1378
4257 587 5262 172
5707 1639 4996 1864
4305 946 4959 1324
5048 455 4764 1656
5041 1423 4225 1075
5966 720 5404 387
6091 1696 5922 1147
4464 618 4242 950
5439 2022 4207 491
4159 1326 5081 350
4752 1725 5028 1380
4422 1361 4647 1892
4714 104 5206 932
5395 1246 4721 557
5431 393 4942 1022
4893 166 4847 1232
4444 770 4213 1537
5371 242 4573 641
5935 1237 4461 316
4500 1738 4386 1683
4444 1452 4274 1811
5423 184 5230 766
5857 1272 5751 1667
5618 413 5524 277
4885 1933 5049 1949
4206 1203 4521 854
4562 2665 4906 3791
4773 3102 5575 2763
5336 2240 4798 2257
4432 3790 4805 2660
5958 3852 4920 2250
5514 2650 4315 2759
5438 3484 4410 4033
4225 4081 4540 2587
5212 3817 6117 3325
4996 4038 4330 2374
5581 3266 5257 3996
5429 2713 5354 3267
5010 3511 4401 2532
4099 3449 5559 3754
5272 2610 6015 2526
4978 2317 5381 3163
5963 3064 4994 2790
6074 3164 5355 3917
4741 3290 5304 2386
4365 2758 5814 3858
4918 3852 5422 2681
5249 2583 4582 3190
5346 2481 4483 3752
5256 3742 4490 2953
5225 3893 5670 3718
4578 2469 4848 2939
6046 2254 5779 2369
4102 2580 4690 3272
5547 2338 4227 2759
4470 3257 5967 3953
5665 3482 5964 3106
4308 3119 4825 3822
5446 2570 5559 3211
4124 2783 4763 2087
5009 2956 5460 3347
5183 3866 5171 2233
4802 3076 4365 2238
4124 5404 4485 4637
5671 4995 5420 4264
4873 4168 5372 5232
4463 4326 5403 4887
4503 4952 5447 5330
6111 5809 4122 4570
5384 6039 6095 5915
5304 6075 5564 4428
4750 4473 4606 4950
5910 4327 4165 4664
4362 4513 5625 4233
4121 4876 4636 4437
4714 4100 5604 4145
5857 5088 5643 5143
4321 5296 5014 5335
4398 5696 5988 4999
5456 5707 5013 4556
5308 5786 4102 4559
4322 5587 5196 4443
5972 4186 5545 5615
4177 5715 4729 4389
4211 5136 5336 5413
4630 6077 4930 4718
5467 4294 5738 5662
4824 4520 5287 4112
5215 5778 5225 5213
4872 4292 5303 5242
5016 5982 4865 4380
5190 6027 5638 4233
4404 4519 5535 5774
5205 4651 4193 5581
4610 5565 6026 5682
4632 4260 5702 5904
4476 4682 5815 5083
5853 6355 4619 7513
5596 7442 5838 7618
5410 6213 4189 7876
5891 6284 4800 7055
4523 7757 5465 6674
4775 7946 5770 7448
5032 7451 6098 7622
4640 7516 4876 6340
5997 8088 5677 6645
4765 6998 4868 7542
5550 7892 4896 7644
4167 7324 5044 6311
4430 6513 5894 8095
6030 7435 5805 6416
4653 6212 4488 6362
4756 8099 5498 7205
5271 6808 4854 6559
4578 6965 4499 7827
5376 6788 4370 6291
4242 7408 4867 6565
5472 7426 6017 7166
5282 7616 6142 7193
5143 8170 5886 6395
5367 6148 6115 6203
5963 6811 5167 6629
5466 6436 5644 6784
4552 6697 5108 7579
5388 7898 4588 7051
5968 6180 5327 7545
4858 7889 4787 8108
4845 8149 6043 7100
4913 7878 5093 6303
4523 6310 5477 6846
5664 7097 5292 7087
4698 7154 4658 6350
5013 7512 5089 7079
5061 7145 5362 7020
4927 6177 4330 7174
6425 400 6576 1021
7000 514 6554 1879
6989 1608 6190 134
7649 433 7098 1689
6502 1880 6451 1100
6504 157 6700 1301
6843 2014 8106 1186
6414 1709 7853 1757
6775 1789 7519 106
7247 931 7220 1389
7898 716 6930 631
7494 786 6473 186
6606 502 6969 1430
7313 721 7228 1374
7363 1852 6897 956
7287 728 7174 1626
6603 1095 8131 949
7841 229 6748 1911
7602 715 6277 1685
7712 1907 6952 401
8010 1945 7019 1253
7151 478 6238 1298
7383 388 7837 1529
6755 1862 7037 1192
8141 1413 6623 721
7602 135 6948 585
6978 984 6726 1750
7393 1781 6245 775
6190 1674 7519 350
6186 1799 7470 1400
8149 1523 7282 306
7103 1759 6236 1991
7100 1317 7342 1849
8072 435 6344 698
8156 1465 7166 1783
7815 3465 6588 2672
6546 2490 6386 2391
7707 2896 6551 3120
7861 3829 7383 2620
6607 3391 8112 3963
6350 3139 6437 4054
7881 2191 6860 2950
6727 3975 6724 2306
7001 3145 7773 3193
7315 3572 7871 2716
7310 2485 8127 3123
6478 4047 6271 3758
8163 2068 8145 2181
6328 3564 7268 4087
6852 3153 7294 3801
6416 3563 6204 2673
8093 2795 6154 3889
6640 2887 8046 4011
7586 2949 6189 3490
7828 3475 7291 3014
7160 3720 7660 2664
7707 3970 7775 3195
7786 3261 7811 2185
6792 2462 7369 2515
7582 2445 8160 2180
7530 3112 6990 2192
6318 2309 6296 3715
6871 3990 6600 2179
6152 2351 6673 3784
6819 2726 8074 3737
7531 2861 7015 3502
6890 3298 6803 3236
7453 2898 6152 3962
6916 5395 7286 5275
7549 6135 7766 5580
8021 4755 6915 5623
7448 4787 7804 5294
7250 4498 6546 4112
7914 5586 7819 4782
7871 4676 6554 5219
8150 4572 7371 4308
8151 5624 6376 5948
7444 4126 6992 5913
7509 5311 7218 4263
6956 6024 7873 4337
8150 4626 7702 4174
7579 6060 7764 6044
7207 5820 8020 4970
7878 5491 6587 5554
7220 4424 7944 4577
6436 4132 7818 5113
6495 5679 6473 5165
6976 5523 7458 5710
6779 4588 7467 5247
8064 5149 6524 4549
7267 5424 7540 4104
6526 4884 6498 5465
7091 5781 6603 5903
6678 4365 6849 4415
7036 4158 8043 4647
8037 4480 6699 5972
6731 5398 6845 5747
7366 4640 6948 5794
6816 5997 8011 5198
7087 5851 6871 4717
7488 5870 7052 4623
6210 4706 7666 5763
6552 5360 6452 5569
7783 4493 7382 4898
7380 4752 7185 4935
7469 5165 8152 5608
7647 7209 6870 7607
7219 7954 7940 7753
6769 7603 7136 6800
7080 7293 6827 6855
6582 7033 7662 7823
6771 6642 6267 7743
6984 7078 6183 6695
7637 6633 6883 6297
7801 6916 7285 7210
7016 6513 6184 7872
6287 6329 7087 7851
7131 6787 7047 6186
6628 6437 6708 6991
7800 7316 6648 6362
7255 6985 6566 7393
6742 6890 6376 6277
7418 6473 7247 6294
7230 6974 8000 8105
7986 8053 7078 6316
6493 7127 7061 7787
6559 6152 6951 7020
8072 6176 7445 7830
6546 8119 8113 7934
7717 6163 7861 6621
6513 6416 6899 6511
6876 6301 6430 6323
7796 7570 8023 7048
7182 6671 7710 6885
7234 7581 7104 7430
6651 7654 6293 7964
6807 7550 6799 7047
7002 7045 6548 7322
7479 7390 7526 7451
7874 7035 6537 6592
7453 8125 7159 7655
7954 6320 7605 6577
1714 2116 1026 2102
1778 2026 2736 2110
1403 1949 1389 1998
2207 2062 2508 2143
977 2001 1672 2058
1119 4026 735 4150
1246 4149 216 4031
2251 4125 1261 4126
2534 4189 3054 4069
2316 4017 4077 4046
3735 6076 675 6216
382 6170 3166 6058
630 6151 3361 6055
3214 6113 1785 6061
19 6218 541 6091
2887 1957 4322 1970
3463 1992 5764 2015
2546 2100 3318 2057
5543 2110 4000 2011
4162 1947 2158 2018
2794 4181 4608 4027
2303 4189 5118 4036
4678 4033 4728 4100
2859 4190 3665 4028
3962 4004 6068 4079
3172 6216 4921 6048
5506 6193 4715 6206
5516 6197 5565 6057
3695 6114 3736 6212
2277 6173 3714 6070
6969 2051 4693 2015
5633 2058 4709 1974
7184 1994 5368 2003
6382 2053 6094 2142
7737 2004 4882 1976
6875 4102 7254 4000
4781 4121 5407 4196
4949 4101 7030 4046
7997 4122 7910 4146
4243 4113 5464 4021
6514 6193 5769 6079
7187 6176 4909 6208
6142 6208 6921 6079
4408 6114 7798 6085
5020 6066 4450 6163
2055 2937 2047 3869
2014 3985 2067 1521
1999 425 2032 2375
2099 862 2077 813
2147 2049 2025 434
2001 2998 2103 3356
1961 2129 1964 5868
1992 4046 1946 3161
2103 4411 2045 5545
2144 5924 2079 5480
2032 5848 2013 4441
2004 4612 1955 7854
2008 5947 2137 5772
2140 4290 2095 6531
2097 7002 2061 4997
4120 128 4173 1678
4012 2946 4139 500
4089 2747 4053 3641
4063 1930 4038 3696
4093 2606 4056 2197
4050 3321 4197 5602
4066 4955 4141 5187
4019 3210 4033 5961
4172 5277 4191 3215
4083 2625 4043 3026
4138 7693 4121 8020
4138 8179 4044 6153
4195 6618 4135 4640
4065 7116 4169 6376
4035 4329 4027 6717
6174 992 6123 2707
6077 3357 6238 3223
6126 4008 6211 395
6050 1386 6097 1665
6232 1540 6048 3030
6151 4650 6064 5144
6177 4006 6121 5381
6059 2685 6138 3923
6229 4259 6163 3205
6230 3324 6229 4768
6161 6717 6187 4113
6098 6557 6052 4514
6243 6397 6183 8105
6062 5453 6173 7066
6230 7276 6228 5549
5483 3024 2908 3614
1797 245 5486 3437
937 6767 2441 7020
4204 7042 4629 71
3447 1450 8190 7154
5821 2812 1352 225
2821 3098 3072 577
1315 3657 7467 3789
4768 5374 3667 7317
1155 7631 5664 7096
4126 171 6304 5621
4387 101 8066 6805
5529 7204 7191 4900
2276 4302 4921 4844
4530 3662 505 1109
5574 4904 4960 2061
6342 3043 8135 3521
1499 2523 299 4931
3806 4015 2723 5615
2184 2012 5021 8164
7993 7532 7395 6490
6057 4001 6451 1878
7117 7031 4239 3719
5990 5093 2279 6170
3922 5599 1947 7321
7905 1688 2352 6012
5315 6290 7340 2561
5882 187 7729 1823
686 2799 382 5274
7765 2788 1306 1978
7715 5189 2455 456
7795 673 1401 6609
27 8185 3643 5837
2795 1660 1703 5996
1473 13 3919 6814
526 7425 3558 6537
7231 3401 633 3531
5829 3927 3973 6987
556 223 6907 3033
2186 3523 2816 3497
7683 1516 1502 4691
1566 6113 6733 5595
8089 1051 6332 1187
1451 74 1433 8177
1767 7369 6246 7926
2297 847 7975 4083
5352 1244 465 5138
8172 5042 1847 2382
1135 5023 7899 5819
1563 5380 4345 3326
5454 2060 3182 5004
5698 5305 167 3045
928 19 4802 4979
6127 5026 2644 960
3130 120 5572 3772
4739 39 170 720
7789 1258 5000 3973
3146 3937 2383 4382
6093 3993 5290 513
2371 4687 7739 1805
592 3769 4981 7365
4256 7347 528 1559
3317 1956 5440 6150
8078 2373 4673 5180
2213 6296 4316 2947
5029 5889 6483 1144
881 287 3607 7376
5322 2512 1194 7890
2898 4892 2160 919
1391 3016 2296 1365
7154 7171 920 7415
7591 756 605 206
4147 6919 6473 4306
1649 1266 190 1169
1417 2489 5346 3626
8162 7711 3307 1337
4503 4537 6736 978
4832 7039 619 7594
4361 1285 5478 5469
5662 1237 161 1275
4012 3914 4569 1253
1642 2324 1732 1541
3209 4976 3420 3722
3445 3552 7169 6056
7799 5314 3529 448
6434 4058 507 5207
3809 5611 315 610
49 5096 7644 6180
2703 6681 586 4774
1846 4303 5593 3320
3575 113 2743 7185
4393 7122 5854 1560
3116 280 1846 2763
825 5596 7101 3942
651 7610 3021 5317
3458 7311 6352 958
4652 784 3831 1765
1614 1418 6515 6444
883 453 5423 4325
3994 3114 6632 6249
2631 1278 7048 7086
527 7218 7088 2723
2917 3683 7279 2500
6120 3562 6424 5288
4359 5937 6283 2694
3705 6573 5577 3385
7944 4004 4040 7032
4535 7868 6133 3576
7657 2802 7152 852
1038 6442 8142 4543
2634 4663 3675 4926
2013 5993 1792 5462
5058 3728 4134 120
2768 2785 5109 2906
966 5884 8061 1774
6464 2820 702 5008
5831 1457 529 6164
1769 2502 6322 4575
170 2851 2368 4224
307 3274 4222 1735
1414 4979 3443 7254
5389 3404 689 5599
232 6642 1617 6838
1375 912 4060 2022
178 6085 684 2749
3528 5760 1339 2517
1964 4594 1130 7057
3946 1891 2561 5582
2289 3712 3236 3564
3947 1039 3047 609
380 6937 669 3289
3866 7005 1793 5993
1687 6429 2739 7076
3802 7642 2346 3344
3325 4402 228 3931
2545 7484 2203 2201
1585 1601 2332 3335
1749 5384 904 3150
265 633 928 7880
2844 5760 1436 1109
372 1204 1173 3181
3365 6921 3475 7901
886 479 1607 4652
1938 2937 635 1209
2349 6119 2519 4911
2579 4308 2165 7092
2217 7373 2060 6115
2605 3126 378 6746
1013 5352 3097 5164
3086 3645 995 2989
3500 64 3757 4290
2489 6909 3164 5726
6 4350 1146 7158
1692 4121 3356 3592
3160 5394 587 2906
3974 5406 3367 3540
2453 5469 1381 3704
3793 7175 3211 330
486 4946 2657 2426
763 992 154 8074
3358 5443 640 3046
231 1762 4023 223
2765 2432 2449 6328
3460 7284 2260 2299
363 6357 1494 690
763 2109 1018 8130
558 2968 1717 6265
730 4609 3936 2200
1338 6465 2317 5120
4038 5704 139 4752
720 3981 3517 7285
1453 1451 491 3306
3607 4804 3455 5008
3634 2018 1758 2898
2048 2910 47 1522
2897 3996 2371 4892
872 1737 272 3133
1107 8159 229 2175
1592 6642 651 5005
587 794 1594 1880
1055 4790 731 8066
873 4804 1145 4042
1303 3551 1496 104
1900 3012 984 885
1505 1536 470 1137
1508 5616 514 533
931 5649 355 4944
1608 3937 635 4584
1179 5270 1582 1629
1689 7207 1073 4330
512 2858 1518 3138
1748 816 1021 1071
302 3049 1776 5258
2031 5753 56 974
1935 6980 515 4726
1505 5818 1297 5842
271 6261 926 4559
1659 1205 681 7717
1700 6080 1784 2645
1458 6423 1223 4089
1765 928 1536 2025
853 822 198 3622
1606 6995 544 4311
596 4295 558 6839
372 4264 713 3070
136 6718 147 7308
646 3241 145 6876
14 8146 351 3224
885 7430 64 684
122 2468 251 3547
634 869 653 2745
987 7168 956 2017
674 1817 337 7858
84 4558 442 639
33 5909 965 7182
486 4851 497 4451
606 1004 402 261
756 5534 964 6320
644 2528 883 5130
651 7755 714 4870
879 3186 554 2459
750 6676 1020 4539
694 3266 746 6638
820 4812 732 5816
735 6018 693 6664
704 7011 866 8034
933 7163 1003 5289
709 7753 929 4866
890 4807 781 5811
697 5772 536 4708
999 5042 550 4366
571 5645 962 5094
868 4244 792 4107
726 5336 649 5913
861 5152 948 5559
1016 5981 571 5694
956 5205 547 5397
639 5337 624 5638
783 5829 908 5997
851 5383 878 6032
987 5123 931 5182
1002 5560 792 5462
932 5324 808 6021
895 5439 781 5210
816 5177 899 5336
1013 5284 801 5309
982 5447 800 5512
973 5523 891 5549
945 5353 948 5552
974 5451 916 5376
994 5607 928 5181
952 5294 984 5249
957 5128 906 5315
952 5230 901 5371
911 5279 919 5207
935 5347 937 5201
952 5137 921 5163
985 5182 997 5171
953 5147 918 5231
903 5149 956 5203
967 5242 984 5170
1012 5192 927 5147
1010 5219 1002 5152
4259 2921 3643 2821
4330 2365 4119 3113
3343 2487 4312 2924
3428 2937 4053 2221
3903 3015 4116 2668
4347 2679 3827 2418
4217 3665 3669 3880
3587 3814 3967 4118
3874 3638 4031 3729
4174 3994 4313 3539
3641 3195 4247 3750
4151 3364 4104 3622
3658 4722 4118 4747
4120 5114 3540 4252
3946 4830 4207 5121
3566 4350 4189 4672
4186 4384 3460 4813
3836 4607 4040 5042
3806 5736 3617 6182
3600 5666 3444 5748
4288 5796 3426 5347
4102 6187 4264 6069
3807 5580 3548 6028
4031 5376 4357 5529
5178 2320 4916 2760
4725 2259 4620 2162
5146 2237 4435 2605
4638 2898 5055 2401
5207 2751 4598 2477
4695 2477 4446 2739
4487 3319 5098 3252
5014 3874 4552 3957
5266 3599 5339 3524
5347 3581 4385 4059
5178 3374 5293 3402
5168 3985 4521 3847
4972 4334 4421 4241
4439 4695 4543 4488
5147 4849 4455 4955
5056 5133 5013 4300
5247 5076 5183 4498
5337 4689 4726 4903
4881 5378 5217 5459
5019 5266 4896 5620
4632 5935 4704 5691
4606 5696 4860 6120
4493 5562 5182 6050
5371 5802 4434 6152
5938 2233 5789 2682
5820 2414 5881 2885
6124 2363 6096 2641
5756 2860 6055 2408
5959 2990 5824 2680
5969 2478 5525 2648
6238 3515 5833 3854
6071 3355 5911 4066
5909 3825 5508 3711
5891 3481 6239 3611
5735 4129 6386 3760
6360 3815 5469 3942
5969 4202 5478 4679
5749 4307 5892 4743
6274 4388 5396 4681
5592 4203 5993 5046
5719 5025 5563 4806
5859 4344 6213 4266
5687 5660 5846 5240
5908 5653 5631 5567
5450 5265 5541 5243
5703 5994 5567 5720
6317 5758 6394 5298
5540 5721 6059 5415
7190 2817 6576 2318
7187 2610 7143 2733
6849 2148 7259 2110
7130 2853 6843 2735
6878 2897 6915 3068
7269 2570 6922 2929
7175 3525 6858 3373
7274 3764 6888 3487
6576 4106 7318 3150
6579 4028 6684 4035
7168 3346 6645 4058
7121 3362 7154 3467
6450 4848 6498 4647
6437 4188 6793 5002
7319 4625 7237 4818
6613 5102 7084 4260
7328 4652 7377 4833
6894 4543 6756 5004
7210 5770 6576 5991
6912 5686 6926 5459
6546 5835 7347 5829
6909 5759 6967 5747
7072 5935 6576 5550
6434 5960 6450 5733
4998 3164 4604 3128
3575 3171 4076 3095
4686 3138 4455 3163
4193 3104 5116 3179
3472 3123 4842 3096
4402 4109 4317 4142
5141 4165 5266 4177
3902 4146 4574 4171
3728 4165 3957 4182
4959 4175 3744 4129
4898 5184 4880 5195
3364 5145 5110 5191
4048 5134 4775 5186
4653 5150 4193 5167
5031 5206 5252 5186
5740 3097 4758 3107
5691 3139 5517 3144
5550 3171 5139 3155
4502 3119 5231 3172
4777 3098 5796 3155
5423 4126 5049 4147
6061 4108 5618 4184
4712 4152 6224 4161
5904 4126 6108 4153
4440 4160 5763 4124
4489 5219 4474 5143
4927 5128 5873 5139
6392 5205 5536 5165
5753 5198 6301 5154
5250 5146 4927 5205
7092 3110 5814 3078
5790 3138 7239 3104
6898 3119 5937 3163
5419 3113 6071 3159
5772 3178 5931 3104
7025 4112 7390 4182
7401 4186 6574 4138
5613 4109 5445 4155
5701 4170 6222 4120
6078 4166 7286 4112
6969 5151 6280 5196
5781 5187 6408 5161
6617 5207 5637 5216
6151 5193 6363 5172
6177 5225 5939 5154
4340 2347 4403 3887
4410 2365 4405 2545
4321 3094 4394 4150
4323 3193 4343 4046
4401 4098 4315 3792
4396 4287 4321 3143
4377 4335 4315 4439
4363 3464 4319 4658
4319 3836 4397 3851
4356 3584 4371 4037
4345 4362 4389 4368
4335 4364 4398 4232
4390 4434 4336 4327
4365 5386 4390 4718
4380 5963 4357 4509
5360 3459 5418 3822
5401 4022 5352 3137
5418 3303 5428 3832
5389 2512 5431 2582
5364 2925 5423 3527
5414 4832 5434 3539
5395 4559 5353 3180
5340 4718 5357 4945
5393 3856 5416 4850
5372 4350 5344 4885
5357 6154 5421 4355
5435 4478 5384 5894
5408 5324 5432 5809
5355 4892 5414 4334
5340 6190 5425 5973
6397 2596 6407 3542
6415 2953 6436 3676
6373 2659 6403 3923
6385 3777 6460 3571
6455 2266 6378 2400
6450 4063 6389 3272
6438 3143 6443 3972
6454 3978 6372 4868
6443 4373 6365 3276
6450 4396 6397 3236
6457 4342 6389 4721
6430 4798 6442 4279
6362 4186 6450 5238
6365 4372 6370 5446
6388 5646 6414 4517
6924 5254 7014 4975
7384 4450 4263 5807
5037 4019 4321 2504
6603 6163 6435 3942
6220 4783 7062 5968
7317 4856 3931 2928
4020 4702 6643 2951
5232 3239 7134 3304
4985 3204 6330 4571
6396 5413 4686 5660
4071 4563 5367 4122
4619 3646 6724 5464
6557 4297 4494 2405
4501 5960 4351 4157
4292 3585 6131 3886
7012 4716 6367 4163
3772 5684 3716 4398
6601 2323 6018 2987
7115 5098 4444 3611
7006 4606 4711 5777
6717 5614 6342 3936
3662 2307 6040 4919
3754 4666 6562 6151
6258 6151 6944 4966
4923 3123 3983 5100
4145 5894 4781 4391
4598 3924 3381 4892
3768 5774 4820 6137
3913 3880 3492 3764
3742 3136 4866 4888
4682 5813 3725 3563
4720 5972 3899 2760
3649 5499 4207 5842
5382 4499 4017 5705
5185 5459 4774 3953
4478 3303 4494 3144
3848 3787 3375 3678
4973 3665 3543 3149
4863 2149 4751 3115
3734 3435 4447 2378
3420 2486 5016 2605
3557 2860 4065 2632
5100 2602 5317 2860
4470 2220 5163 2895
4994 2646 3381 2879
5355 2233 3678 2567
3745 2287 4735 2253
4903 2558 4784 2565
3539 2586 3809 2553
4855 2401 4004 2371
5250 2393 5009 2419
4050 2600 4956 2417
4817 2517 4355 2485
4670 2608 4355 2368
3380 2606 4157 2407
3643 2378 3701 2539
4091 2565 4121 2578
3858 2411 4225 2378
3985 2580 3902 2464
3987 2572 3791 2599
3939 2377 4230 2444
3565 2376 4276 2443
3379 2423 4171 2410
3366 2385 3447 2376
4061 2430 3633 2487
3808 2397 3411 2416
3340 2369 3470 2397
4038 2405 3944 2399
4159 2399 3781 2361
4277 2363 3550 2420
