2048 2048
1128      
271 405 154 284
24 291 70 12
328 207 236 349
438 418 278 223
85 184 179 108
134 413 490 244
50 373 164 43
380 362 489 81
308 15 36 250
353 109 225 207
179 355 263 364
384 254 9 192
296 351 494 18
501 201 29 273
414 242 297 422
294 108 49 503
427 131 289 89
92 11 133 447
124 476 171 107
391 207 486 324
324 292 274 5
281 175 112 42
206 80 6 269
139 73 285 48
400 403 241 314
484 372 112 202
338 74 331 445
474 52 169 404
381 12 383 179
218 336 264 80
39 246 425 196
334 919 305 819
142 813 335 720
382 525 86 725
301 887 437 888
435 785 206 857
129 1015 15 980
126 970 417 870
387 1020 34 837
45 959 103 615
451 782 321 575
449 743 253 558
411 820 373 675
238 849 243 751
196 659 146 847
122 877 221 892
409 910 9 871
279 1001 8 574
109 978 116 782
28 652 227 558
115 561 162 818
444 768 57 656
160 693 35 1014
69 979 426 688
118 806 233 604
507 613 2 603
245 615 129 559
88 841 4 894
288 901 296 671
15 643 108 757
495 935 317 777
256 585 433 586
212 531 109 599
337 1450 457 1103
389 1123 446 1084
325 1411 97 1224
22 1423 496 1092
385 1442 108 1089
47 1302 438 1319
432 1175 215 1333
75 1332 3 1422
332 1125 211 1469
265 1185 231 1426
294 1230 126 1293
214 1490 225 1479
440 1063 229 1517
28 1053 208 1310
244 1365 73 1360
384 1300 368 1516
382 1532 220 1085
449 1437 376 1126
147 1435 443 1481
122 1097 399 1092
355 1452 52 1359
382 1413 343 1024
226 1247 443 1344
381 1461 501 1523
295 1246 204 1464
91 1056 139 1119
140 1299 236 1352
510 1127 360 1310
168 1095 119 1025
443 1456 128 1308
35 1233 390 1056
470 1196 155 1067
148 1973 32 1727
104 1950 56 1763
423 1981 132 1724
279 1588 389 1699
471 1569 0 1600
264 1905 181 1955
413 1935 28 1666
454 1755 310 1547
455 1712 390 1759
239 2021 349 1663
505 1776 462 1626
32 1662 17 1959
462 1760 440 1616
385 1614 144 1904
427 1716 161 1789
345 1766 414 1830
416 1576 8 1656
291 1749 362 1587
299 1670 497 1621
411 1872 269 1935
63 1670 492 1547
165 1695 12 2034
97 2032 324 1822
432 1620 382 2016
320 1692 224 1757
405 2047 244 1622
217 1920 438 1840
391 2039 488 1550
164 1844 304 1811
354 1974 395 1816
73 1617 181 1890
356 1810 314 1696
17 1881 371 1664
589 268 528 338
618 462 869 293
935 451 812 78
658 465 866 154
899 2 778 405
774 105 708 36
703 200 616 329
590 141 828 393
633 57 736 497
943 352 892 186
886 14 734 342
829 129 590 127
862 185 834 180
601 356 703 459
795 268 726 315
745 451 652 379
864 244 1000 201
736 399 964 57
774 208 712 371
556 173 944 14
939 130 998 43
1018 128 981 360
682 374 725 65
929 271 827 148
697 313 987 137
909 143 1003 85
646 208 870 63
869 183 856 78
664 339 800 400
753 304 841 234
937 53 645 26
900 244 747 479
820 793 1022 677
906 641 654 822
869 802 590 790
718 538 756 900
708 1004 632 735
576 907 991 807
560 973 688 693
539 836 915 864
695 848 540 519
678 722 692 846
955 755 577 583
695 819 552 661
811 694 566 759
755 826 928 624
915 957 512 851
534 615 629 518
688 621 650 583
854 620 992 954
748 867 958 813
870 788 863 786
626 726 992 815
1015 939 994 966
746 717 601 974
527 637 554 552
766 824 908 957
820 1022 550 908
745 943 856 571
776 797 573 693
1023 691 669 808
546 838 612 694
630 663 762 589
942 673 535 681
707 632 898 832
544 574 981 657
879 640 603 540
588 1437 956 1446
579 1508 965 1139
973 1335 565 1104
1002 1248 568 1146
761 1256 546 1448
980 1182 599 1323
552 1372 825 1039
756 1155 745 1087
790 1433 846 1335
546 1391 526 1134
759 1169 707 1302
953 1158 639 1192
761 1363 590 1139
630 1154 936 1201
979 1083 757 1375
958 1062 593 1285
994 1391 833 1225
611 1174 999 1139
720 1138 610 1336
678 1397 834 1072
539 1044 827 1035
1010 1398 603 1163
729 1334 974 1403
814 1111 601 1378
1013 1423 762 1525
734 1161 968 1320
901 1435 911 1186
827 1282 951 1086
969 1349 1015 1496
860 1223 842 1128
711 1247 635 1435
952 1185 907 1116
974 1196 919 1248
600 1732 566 2025
928 1687 989 1886
1017 1880 949 1553
678 1595 924 1775
731 1626 708 1716
795 1800 912 1990
590 1547 616 2044
661 1968 613 1616
675 1921 740 1892
527 1714 845 1848
875 1563 564 1930
971 1737 1016 1618
763 1675 657 1543
1007 1677 821 2021
867 1624 1018 1922
862 1558 605 1769
773 1609 911 1634
741 2022 661 1640
569 1619 586 2029
753 1823 651 1774
530 1586 684 1887
672 1734 621 1849
548 1742 952 1982
585 1653 896 1907
672 1542 525 1766
872 1805 640 1964
685 1951 660 1930
626 1730 880 1615
596 1832 888 1772
630 1874 730 1649
749 1752 724 1617
828 1669 699 1902
1514 387 1247 35
1526 60 1504 0
1525 5 1430 141
1114 226 1338 35
1289 463 1187 282
1312 245 1167 356
1240 324 1457 319
1406 53 1037 472
1033 434 1339 143
1166 219 1285 109
1430 505 1346 508
1357 423 1319 76
1184 47 1439 333
1034 277 1499 443
1084 443 1310 172
1321 425 1284 371
1206 133 1266 511
1419 64 1506 122
1042 113 1206 25
1437 222 1428 130
1433 56 1061 143
1131 298 1041 202
1376 407 1360 367
1446 400 1463 99
1056 428 1413 464
1380 34 1209 307
1057 305 1384 246
1315 355 1037 287
1525 120 1414 104
1444 313 1450 168
1375 7 1036 351
1143 575 1264 875
1077 906 1367 858
1358 950 1410 758
1491 782 1460 740
1506 707 1347 626
1041 539 1437 689
1524 853 1047 671
1115 717 1100 680
1174 667 1354 775
1348 910 1422 891
1160 970 1143 854
1533 926 1093 616
1461 952 1202 640
1328 961 1410 938
1054 1020 1474 621
1374 868 1352 547
1294 620 1307 674
1278 937 1053 996
1528 840 1062 593
1395 607 1258 535
1078 966 1154 995
1060 964 1291 608
1413 613 1329 925
1037 917 1142 623
1053 816 1479 721
1503 771 1051 649
1450 555 1480 986
1258 773 1115 642
1494 982 1188 705
1525 674 1378 800
1170 519 1325 902
1493 705 1440 700
1290 680 1100 532
1223 1021 1431 560
1370 813 1117 531
1358 733 1519 540
1335 1494 1268 1438
1349 1072 1516 1225
1354 1154 1137 1203
1298 1202 1433 1315
1355 1218 1439 1112
1435 1440 1071 1311
1102 1265 1382 1179
1033 1178 1034 1487
1185 1279 1156 1239
1467 1167 1403 1237
1411 1257 1046 1442
1249 1249 1203 1031
1115 1088 1294 1135
1162 1211 1372 1530
1041 1105 1205 1446
1072 1216 1386 1343
1475 1068 1120 1400
1121 1517 1387 1324
1236 1447 1465 1367
1103 1155 1296 1265
1100 1398 1240 1479
1222 1202 1192 1045
1214 1360 1197 1380
1186 1314 1259 1028
1233 1128 1026 1535
1245 1102 1316 1218
1335 1083 1041 1144
1305 1468 1105 1071
1147 1344 1258 1303
1164 1341 1446 1232
1379 1407 1497 1419
1152 1029 1208 1345
1421 1026 1462 1414
1223 1534 1179 1412
1508 1746 1510 1659
1032 1690 1476 1667
1461 1622 1202 1910
1315 1822 1340 1874
1361 1651 1105 1799
1269 1793 1398 1586
1233 1992 1469 1828
1459 1965 1309 1828
1471 2027 1134 1625
1453 1958 1129 1881
1405 1844 1401 1626
1111 1995 1123 1737
1311 1928 1246 1638
1296 1817 1479 1957
1145 1865 1176 1964
1515 1694 1304 2006
1462 1621 1134 2041
1182 1551 1092 1656
1101 2046 1080 2031
1291 1716 1227 1769
1343 1626 1486 1700
1508 1704 1302 1869
1416 1941 1229 1622
1256 1672 1361 2032
1060 1916 1484 1741
1429 1545 1428 1826
1091 1611 1112 1767
1226 1674 1490 1888
1273 1989 1143 1701
1158 2006 1298 1961
1242 1755 1269 1925
1091 1695 1102 1664
1455 1851 1513 2025
1326 1588 1528 1940
1077 1656 1395 1890
1609 14 1973 262
1830 364 1677 111
1702 440 1686 147
1964 408 1584 12
2045 139 1822 218
1875 67 1794 336
1742 429 1976 163
1796 207 1695 348
1582 65 1658 140
1932 371 1841 443
1817 177 1623 220
1753 238 1723 10
1634 16 1686 393
1639 506 1838 181
1825 215 1784 419
1688 465 2026 257
1867 147 1665 377
1762 220 1570 312
1710 284 1761 327
1710 68 1997 409
1980 349 1849 23
1999 239 2011 292
1762 350 1722 453
1980 39 1575 170
1941 377 1871 164
2045 134 1720 47
1544 445 1707 313
1567 355 1539 49
1787 426 1757 510
1674 400 1544 214
1743 312 1806 172
1557 183 1843 200
1945 461 1817 186
1874 3 1969 6
1836 650 1792 794
1708 574 2045 677
1555 591 1914 815
1623 658 1757 543
1638 700 1842 924
1929 529 1662 827
1948 570 1886 523
1885 1015 1691 614
1817 675 1882 928
1959 951 1810 862
1760 771 1699 718
1920 581 1603 937
1803 706 2040 981
2009 710 1617 701
1792 635 1979 588
1541 877 1706 927
1939 798 1562 618
2041 648 1932 925
1552 991 1798 840
1815 718 1753 688
1852 927 1936 619
1939 864 1864 539
1954 961 2000 593
1749 576 1659 668
1989 655 2010 789
2038 928 2013 641
1915 771 1856 1000
1607 728 1890 608
1850 536 1797 856
1884 818 1718 722
1626 528 1663 903
1736 974 1618 658
1703 566 1980 909
1946 1305 1690 1054
1929 1178 1603 1302
2022 1516 1625 1345
1682 1356 1944 1370
1655 1249 1760 1102
1890 1142 1548 1043
1817 1194 1749 1117
1733 1244 1546 1309
1971 1349 1982 1506
1916 1535 1577 1302
1990 1069 1652 1432
1819 1149 1698 1130
1855 1121 1694 1290
1799 1168 1549 1066
1644 1513 1993 1251
1893 1290 1780 1366
1891 1351 1559 1202
1564 1086 1731 1079
1885 1201 1674 1527
1748 1494 1854 1526
1898 1068 2043 1289
1910 1189 1742 1125
1666 1210 1846 1316
1844 1376 1890 1025
1615 1191 1961 1157
2040 1363 1570 1246
1777 1361 1684 1266
1762 1233 2024 1503
1722 1487 1953 1453
1832 1342 1580 1217
1918 1254 1682 1131
1639 1044 1626 1346
1586 1973 1715 1677
1937 1587 1553 1911
1893 2045 1999 1932
1865 1809 1818 1580
2017 1547 1540 1854
1712 1809 2020 1624
1886 1993 1769 1731
1606 1932 1741 1822
1998 1856 1964 1720
1760 1923 1587 1725
1589 1607 1999 1610
1832 2040 1965 1764
1895 1685 1798 1881
1757 1982 1673 1667
1585 1553 1557 1705
1663 1629 1632 1699
1974 1846 1623 1750
1543 2031 1563 1713
1664 1901 1604 2025
1642 1843 1616 1849
1615 1727 1771 1719
1857 1869 1856 1840
1792 1740 1899 2021
1853 1541 1908 2025
1707 1797 2021 1925
1732 1655 1688 1904
1612 1674 1924 1810
1719 2003 1966 1981
1663 1600 1611 1769
1673 1572 1964 1980
1552 1582 1653 1925
1612 1998 1815 1862
1617 1624 1885 1977
112 535 146 521
389 527 993 486
863 523 969 522
591 501 699 503
154 496 578 497
934 1013 300 1001
237 1032 635 1044
389 1044 420 1036
196 1024 1003 1013
927 1008 1005 1020
106 1536 447 1519
947 1531 254 1534
531 1517 668 1523
380 1532 580 1538
798 1516 868 1544
1240 526 684 523
902 528 878 490
892 525 1148 500
1244 525 1424 536
627 536 1025 493
1039 1002 923 1044
526 1014 633 1011
712 1018 1189 1041
1427 1000 1412 1032
1260 1021 1086 1029
1413 1555 1255 1544
587 1530 782 1556
1414 1526 1258 1545
1030 1549 591 1556
1049 1545 1255 1526
1085 504 1561 507
1546 520 1159 532
1233 530 1295 519
1835 531 1108 534
1027 495 1906 514
1215 1047 1207 1045
2022 1013 2016 1017
2011 1041 1188 1033
1543 1019 1548 1012
1731 1014 1882 1035
1062 1512 1537 1530
1568 1526 1625 1555
1932 1530 1447 1529
1862 1559 1647 1538
1933 1532 1083 1535
513 429 537 794
512 424 487 160
501 412 529 324
527 164 488 59
532 312 492 435
505 747 522 1136
529 627 535 1038
493 1314 515 1377
526 1015 501 977
534 1243 501 632
529 1991 492 1384
537 1035 502 1389
530 1050 531 1493
491 2013 516 1262
513 1661 527 1263
1018 703 1000 507
1018 896 1021 292
1020 850 1009 335
1001 938 1032 529
1031 217 1021 481
1042 1161 1008 704
1025 1069 1028 1245
1016 1328 1017 967
1021 1347 1045 1469
1004 1419 1031 572
1048 1428 1049 1950
1011 1395 1012 1225
1033 1209 1014 1703
1033 1821 1043 1835
1039 1028 1020 1102
1541 352 1551 639
1550 767 1529 446
1548 422 1546 45
1551 187 1543 365
1545 131 1555 773
1551 685 1531 1302
1521 871 1540 1270
1531 755 1560 1151
1546 1001 1559 1334
1544 1305 1526 788
1547 1121 1554 1199
1536 1061 1543 1583
1516 1353 1537 1357
1549 1099 1524 1211
1558 1354 1519 1423
1681 690 1333 958
928 418 526 210
1221 918 879 981
514 71 467 1268
339 1092 180 135
480 75 1819 1430
1502 1147 251 1762
544 403 979 1597
276 1703 796 2035
1398 1722 1890 1629
1252 1854 622 1171
814 860 1680 766
2017 1225 1472 1424
1813 569 1196 1206
1854 716 1762 1146
1899 465 1449 1212
462 86 553 1444
644 1565 452 327
1720 650 896 401
1691 1112 284 270
1516 343 1618 1242
699 751 1403 81
1249 1649 1890 1314
1441 1123 1855 1780
842 64 854 715
1803 913 1338 1748
1398 318 1841 540
725 1914 1471 1832
106 898 1858 741
2026 713 711 278
1118 1209 483 205
1162 626 1241 1139
1648 909 1824 1613
946 410 1967 922
1984 1379 887 650
1502 1170 600 1400
427 891 494 868
1486 1742 1038 985
1640 1745 1838 1076
1828 90 1589 1467
592 458 476 1752
1128 1633 709 1387
1355 282 761 512
660 50 782 1446
180 559 227 929
1885 852 994 1048
1427 965 90 816
1991 1973 2028 2037
1105 1023 1095 1202
602 1395 1663 1516
459 1509 1811 959
1642 386 1928 303
1612 1646 1098 1334
1562 298 216 1751
100 883 1089 858
5 699 1258 39
407 81 1657 762
1682 605 32 1713
1481 316 115 2027
144 441 1723 534
382 1245 1535 1435
1072 1642 974 1794
346 1803 1468 143
371 8 109 1152
129 873 48 1011
537 756 1157 397
209 1778 1648 1052
1568 205 1637 1843
933 1837 764 154
219 811 1661 230
327 256 1525 835
674 1414 1748 832
1379 311 1567 1931
1378 187 72 877
800 1092 1247 1816
133 1963 692 1254
1429 1605 823 412
1170 162 418 233
294 672 731 1487
304 2038 179 685
366 365 1508 702
73 291 240 384
1271 140 1668 1878
1733 1553 997 1594
1796 1796 1595 1383
1173 932 449 196
1575 36 680 227
1733 497 1809 1794
1876 923 1906 699
62 949 180 1110
392 1514 1967 1806
1114 319 1142 37
1800 594 482 1234
828 764 876 1785
1278 1126 201 1881
345 2004 1129 1535
1202 293 556 526
1752 34 817 217
1982 353 1952 1899
409 1734 341 432
221 680 739 1999
970 1346 460 1813
521 595 324 236
523 1288 558 306
772 1970 621 1346
125 1533 540 513
904 554 701 586
86 97 103 2005
428 1762 61 1989
107 1080 321 997
766 806 810 106
1014 1457 294 591
695 1450 156 1589
839 448 703 1332
388 843 431 1373
363 1264 295 1102
47 595 268 1777
471 951 291 244
782 1658 632 369
448 1322 539 942
128 851 404 302
937 690 623 1571
489 666 74 1305
25 1418 264 767
46 663 31 1533
543 494 450 1726
642 428 550 1697
880 182 302 588
1004 1748 494 612
366 496 600 1298
168 1303 577 1743
142 877 629 1642
868 1325 948 0
374 967 33 510
926 270 274 1872
961 1146 593 114
363 901 497 363
655 1272 292 1500
43 1759 269 1247
387 258 741 459
938 366 352 157
530 806 860 26
258 926 355 567
621 1484 625 445
120 344 800 1736
946 873 883 362
468 747 592 989
49 1806 325 1423
559 666 927 258
507 1020 996 709
588 1098 111 178
728 284 763 376
170 945 690 856
240 125 863 866
609 73 332 739
817 759 33 328
657 792 269 522
57 835 934 317
56 620 741 690
963 444 839 123
352 232 433 944
510 324 324 210
726 82 536 712
289 575 683 398
55 899 621 1008
421 529 132 543
538 380 504 376
519 959 220 921
605 376 309 709
709 503 433 604
124 917 533 542
794 68 735 838
399 630 43 805
642 686 126 415
395 919 4 901
252 512 583 860
865 692 874 817
1014 58 821 123
671 538 666 756
514 155 761 467
797 339 718 710
945 381 753 773
942 836 688 451
872 298 973 948
728 984 556 1001
991 549 891 576
725 630 562 262
934 803 932 29
605 850 878 12
522 811 937 881
966 819 894 573
910 306 915 672
848 552 939 337
928 995 948 131
912 921 928 879
802 714 1018 501
980 980 926 157
1012 504 941 307
911 121 990 58
944 946 991 683
900 962 1023 3
961 574 964 26
975 696 1015 581
1018 465 980 595
977 131 1016 941
965 459 979 471
981 620 964 924
1008 930 1018 595
963 990 995 834
962 930 1002 970
997 826 1003 761
968 956 978 980
996 987 983 944
998 777 974 817
971 842 982 956
990 996 964 793
981 843 1009 819
970 789 1017 841
1016 782 989 814
1022 820 981 772
969 826 979 817
972 808 1018 786
999 813 971 772
997 802 1008 801
977 790 973 777
1014 795 1019 789
1021 784 1015 773
1010 793 1020 823
1018 814 998 774
1019 782 1001 770
1016 794 1012 820
999 805 1020 803
1008 825 1018 831
995 812 1003 818
1009 802 995 816
995 819 1019 827
457 803 390 638
356 690 390 706
453 693 466 668
249 825 263 784
387 683 389 760
466 614 339 757
275 978 446 1047
490 1084 396 927
370 1035 444 953
281 957 474 1030
302 1082 288 1067
486 945 391 1112
421 1318 297 1259
449 1115 480 1191
376 1166 442 1342
332 1121 326 1364
421 1191 246 1160
459 1301 299 1232
497 1377 488 1469
434 1420 416 1601
251 1487 360 1561
407 1490 282 1612
279 1583 325 1450
253 1570 373 1439
735 698 749 759
527 699 735 682
565 710 686 631
504 761 603 612
598 663 594 802
633 680 605 643
703 888 593 1097
596 965 512 1040
536 1089 647 1103
645 1007 595 896
624 1033 675 982
590 1106 584 897
670 1266 561 1277
601 1192 692 1219
708 1156 671 1330
608 1308 629 1226
724 1188 513 1271
691 1132 752 1146
595 1477 597 1565
680 1519 654 1549
642 1578 545 1414
519 1587 605 1459
630 1519 520 1370
692 1409 709 1456
802 677 755 604
960 795 809 769
926 725 793 801
835 832 788 670
832 671 789 821
958 667 913 682
878 899 781 1067
969 882 905 995
960 932 997 871
968 1004 762 963
874 945 949 917
832 904 877 891
880 1123 1003 1367
958 1308 1005 1243
954 1151 944 1213
963 1164 820 1320
868 1313 788 1283
967 1235 951 1367
776 1622 942 1458
962 1498 797 1542
822 1384 896 1398
956 1517 822 1491
813 1608 877 1459
854 1437 759 1537
1242 742 1165 784
1021 786 1205 806
1135 675 1019 635
1124 798 1168 695
1191 681 1157 854
1251 696 1059 791
1106 1102 1011 1022
1191 963 1148 976
1138 970 1219 953
1026 1110 1214 940
1033 1106 1022 942
1118 944 1179 1024
1109 1177 1220 1217
1069 1181 1073 1358
1153 1187 1025 1236
1144 1293 1071 1316
1125 1311 1248 1177
1045 1176 1168 1235
1165 1573 1191 1382
1024 1377 1106 1552
1069 1512 1091 1458
1034 1444 1120 1528
1224 1413 1114 1563
1159 1405 1161 1443
639 865 619 849
557 858 428 860
381 852 495 867
263 867 669 844
575 844 440 855
585 1107 438 1125
670 1102 316 1108
372 1124 631 1121
506 1106 613 1110
724 1123 712 1118
377 1369 661 1373
529 1372 557 1363
666 1363 490 1370
436 1362 265 1372
745 1361 454 1381
782 852 946 858
584 854 987 869
638 865 807 848
635 868 753 861
880 856 998 847
566 1105 933 1111
992 1102 840 1109
965 1106 945 1109
742 1120 677 1101
640 1119 737 1106
832 1362 801 1369
527 1363 999 1360
653 1357 610 1372
756 1356 873 1371
655 1360 968 1371
1229 868 808 862
1113 847 791 857
760 855 1223 864
820 865 887 864
1179 868 1184 866
1070 1101 832 1122
1144 1110 1102 1123
908 1115 1122 1113
1256 1119 1233 1109
1179 1100 1161 1106
897 1371 1017 1365
879 1376 1147 1359
810 1380 1082 1369
1222 1371 877 1365
1138 1357 977 1361
491 779 485 718
487 999 488 1079
493 714 488 991
492 1100 499 661
493 1035 485 831
499 1105 500 1132
494 967 490 1089
500 1046 497 905
505 1232 492 1101
501 1252 506 913
490 1489 495 1150
505 1147 504 1444
496 1165 498 1586
491 1120 504 1606
500 1145 488 1363
748 648 763 621
744 836 751 651
745 693 751 604
752 1071 749 770
745 617 764 1083
747 1171 765 1279
745 1065 757 1300
755 1174 751 1134
746 1141 745 1065
741 1051 743 1255
754 1308 753 1315
764 1431 759 1213
742 1444 764 1578
759 1128 761 1567
754 1561 749 1472
999 658 1003 652
1002 983 997 627
1006 948 1009 1042
1003 685 1010 626
1020 844 1018 686
998 1353 1000 993
1018 1163 1003 1168
1002 1365 997 885
1008 1018 1017 1179
1012 1314 1010 858
1022 1222 1011 1593
1009 1201 1016 1509
1020 1499 1018 1609
1015 1289 1010 1610
1009 1300 1012 1223
728 686 645 1428
1072 1089 305 1214
765 1207 926 1159
507 622 504 1013
350 1000 445 812
451 1513 446 1070
805 774 964 1465
1009 957 274 1152
704 1228 336 737
515 685 356 1333
1149 1046 510 1000
251 1622 668 879
750 1302 966 859
541 1339 528 866
1204 1576 841 1094
1026 1583 1162 1502
608 1137 762 1422
815 1260 1239 1227
1069 1137 1221 1217
677 806 444 636
554 1516 1119 711
325 1373 243 1487
1139 1210 1052 1373
317 833 781 744
311 879 1252 1051
896 1074 308 788
1191 745 814 646
932 663 990 789
818 933 444 662
610 621 581 876
1033 693 1198 1077
1148 988 1184 1009
648 973 429 847
473 636 602 676
389 900 294 1027
485 1084 468 660
648 872 602 948
485 1044 495 607
559 858 476 996
445 1030 699 1035
486 873 472 1046
565 1042 655 1011
255 1013 431 891
628 878 514 1013
673 1088 683 859
721 1066 739 1033
706 937 701 873
550 928 744 955
740 1090 641 876
674 930 678 1065
699 929 683 989
729 1009 751 977
741 978 666 982
646 1057 698 1027
708 1065 673 1094
746 1012 656 1023
696 1102 750 1009
696 1091 724 1039
651 1003 731 1030
739 1027 665 1040
626 1013 645 1017
736 1037 665 1029
703 1034 683 1017
717 1017 736 1026
636 1038 704 1042
652 1037 675 1038
638 1039 635 1042
737 1019 703 1033
659 1034 644 1025
664 1022 649 1043
686 1017 647 1035
689 1028 642 1032
663 1033 684 1042
643 1031 642 1032
638 1046 637 1047
647 1043 629 1031
634 1024 631 1030
657 1041 640 1034
638 1027 641 1023
630 1048 629 1028
633 1041 628 1024
637 1047 632 1031
638 1034 633 1042
636 1040 641 1046
629 1045 638 1035
636 1048 627 1043
633 1034 641 1038
627 1038 639 1048
