4096 4096
169       
124 110 230 657
324 709 4 702
272 428 721 917
249 561 688 875
188 406 890 878
524 1003 989 49
238 476 1005 36
326 861 521 544
278 58 131 661
87 497 324 115
630 1838 981 1536
265 1316 341 1359
609 1198 752 1783
302 1462 286 1542
550 1661 954 1588
669 1262 868 1746
161 1172 297 1525
206 1507 377 1382
441 1662 15 1055
615 1677 517 1297
361 3065 223 2710
403 2601 97 2238
1018 2383 463 2671
40 2599 847 2335
530 2263 749 2601
233 2403 802 2329
617 2115 104 2900
68 2088 908 2740
25 2786 698 2048
138 2215 343 2976
57 2868 595 2337
954 3512 879 3742
73 3752 121 4009
705 3938 1000 4085
229 3620 451 3960
872 3554 61 3400
604 3336 371 3517
167 3851 905 3118
51 3351 1005 3295
311 3371 505 3113
610 3188 784 3449
1906 943 1152 873
1624 666 1382 353
1654 874 1679 729
1297 28 1931 872
1821 289 1900 738
1487 95 1391 427
2046 451 1587 990
1815 191 1651 848
2042 379 1173 447
1722 155 1091 485
1486 417 1425 656
1325 1037 1295 1604
1329 1071 1801 1842
1271 1291 1778 1307
1783 1236 1795 1842
1891 1428 1366 1535
1650 1557 1890 1813
1148 1570 1933 1802
1053 1311 1385 1126
1081 1542 1944 1460
1619 1470 1538 1922
1876 2000 1098 1568
1961 2779 1788 2332
1704 2991 1143 2566
1370 2165 1641 2470
1990 2222 1634 2396
1814 2165 1394 2362
1215 2498 1182 2097
1603 2089 1885 2191
1670 2926 1651 2490
1948 2966 1105 2607
1822 2682 1747 2558
1149 2670 1271 2895
1889 3597 1558 3371
1572 3835 1068 4090
1371 3965 1127 3450
1942 3325 1843 3944
1281 3781 1350 3988
1304 3528 1181 3590
1037 3205 1217 3355
1595 3272 1396 3181
1204 4049 1082 3162
2018 3245 1429 3377
2299 715 3045 950
2239 161 2734 264
2281 596 2374 385
2854 742 2817 552
2494 713 2564 974
2809 276 2359 384
2931 73 2969 511
2934 725 2493 68
2143 988 2718 585
2704 418 2244 200
2932 974 2533 289
2699 1626 2829 1807
2992 1966 2311 2027
2086 2030 2130 1400
2833 1716 3030 1892
2292 1322 2317 1886
2290 1474 2848 1955
3068 1361 2221 1619
2493 1160 2521 2034
2646 2000 2144 1461
2582 1339 2110 1070
2951 1026 2758 1488
2563 2067 2301 2827
2974 2184 2456 2652
2846 2798 2594 2219
2228 2325 2781 2085
2278 2086 2837 2832
2603 2630 2627 2182
2260 2530 2435 2911
2145 2611 2716 2702
2803 2182 2405 2626
2629 2903 2698 2172
2333 2470 2346 2547
2689 3810 2356 3280
2774 3299 2854 3934
2940 4046 2486 3299
2379 3286 2405 3416
2720 3483 2586 3709
2502 3911 2536 3906
2740 3890 2786 3819
2705 3637 2329 3611
2371 4004 2079 3544
2352 3876 2200 3643
2182 4002 2489 3606
3161 102 3287 779
3386 107 4095 802
3616 936 3796 379
3778 498 3809 814
4073 534 3237 250
3086 234 3165 860
3433 931 3703 803
3356 714 3637 339
3733 669 3887 870
3084 212 3894 267
3287 1214 3711 1713
3660 1279 3117 1037
4046 1077 3176 1226
3434 1776 4026 1031
3189 1654 4051 1278
3096 1609 4024 1065
4039 1056 3858 1601
3550 1385 4080 1927
3369 1725 4001 1873
4063 1885 3245 1659
3878 1651 3390 1566
3727 2255 3105 2750
3890 2467 3197 2324
4039 3046 4065 2516
3555 2975 3932 2733
3534 2143 4046 2712
3639 2101 3807 2388
3127 2860 3255 2198
4051 2961 3567 2119
4005 2795 3234 2854
3419 2807 3240 2628
3659 3124 3217 4072
3682 3741 3546 4038
3187 3691 3744 3259
3373 3249 3727 3955
3741 3784 3219 3751
3512 3831 3661 3696
3239 3724 3596 3895
3596 3852 3158 3756
3738 3181 3447 3786
3921 3499 3689 3803
