4096 4096
595       
44 234 602 673
985 224 441 208
618 922 475 240
589 527 413 432
389 643 818 1021
253 17 47 505
409 693 184 387
1021 418 694 311
372 54 783 212
615 501 597 424
160 809 481 447
157 985 778 726
309 829 386 98
255 695 210 757
78 100 880 327
843 951 776 126
715 857 457 771
678 677 502 524
703 392 607 580
458 619 982 815
423 471 845 919
798 273 129 677
830 216 118 108
433 1558 235 1944
900 1538 314 1952
513 1415 325 1521
471 1216 616 1109
364 1582 769 1686
322 1331 153 1821
1000 1374 464 1108
202 2009 841 1612
536 1284 306 1900
616 1808 932 1467
550 2036 324 1458
248 1083 997 1857
709 1561 160 1175
253 1031 266 1346
802 1478 318 1781
137 1056 531 1236
305 1195 137 1113
924 1286 506 1917
228 1829 761 1679
529 1572 266 1636
227 1457 453 1933
206 1828 494 1972
274 1339 36 1843
797 3015 276 3050
780 2444 864 2687
588 2655 911 2487
762 2788 441 2502
103 2076 777 2912
345 2672 163 2379
798 2098 701 2988
992 2732 709 2108
409 2811 892 2629
551 2449 382 2559
725 2106 427 2460
279 2339 527 2190
595 2565 293 2231
873 2111 98 2819
813 2862 419 3059
742 2515 830 2472
185 2962 160 2215
37 2226 844 2246
1011 2773 441 2898
197 2180 562 2921
728 3772 108 3721
901 3629 486 3225
347 3402 104 3832
802 3847 595 3566
121 3469 385 3959
970 4019 476 3268
134 3351 949 3356
807 3736 36 3411
450 3793 804 3249
162 3199 276 3757
475 3525 489 3599
343 3580 857 3289
631 4022 15 4058
386 4017 36 3407
836 3616 603 3227
267 3714 728 3432
550 3532 81 3354
691 3352 849 3500
296 3946 565 3233
821 3541 885 3951
1002 3474 430 3385
502 3771 67 3887
1222 958 1539 715
1647 347 1769 998
1217 340 1208 144
1471 651 1450 363
1465 201 1448 979
1367 880 1523 155
1356 456 1117 460
1295 177 1701 922
1692 630 1680 454
1633 662 1435 846
1525 457 1041 873
2004 927 1284 905
1109 946 1420 953
1642 768 1179 133
1866 977 1538 803
1123 244 1658 62
1442 124 1583 946
1712 299 1452 55
1982 76 1458 674
1862 481 2031 173
1546 683 1552 763
1570 1480 1576 1619
1254 1145 1145 1343
1178 1894 1280 1829
1882 1973 2003 1067
1061 1390 1141 1914
1935 1371 1392 1068
1278 1079 1239 1683
1349 1846 1306 1635
1375 1323 1343 1618
1372 1202 1645 1030
1333 2034 1329 1639
1062 1688 1467 1628
1381 1337 1825 1366
1405 1602 1869 2000
2037 1356 1843 1059
1623 1309 1847 1813
2018 1848 2046 1607
1650 1508 1082 1053
1647 1043 1924 1374
1223 1270 1415 1655
1568 2041 1997 1693
1050 2881 1954 2764
1768 2817 1312 2104
1301 2278 1490 2665
1784 3067 1684 2344
1844 2494 2023 2167
1251 2220 1543 2152
1632 2409 1175 2662
1577 2167 1045 2340
1562 2910 1976 2434
1517 3018 1149 2776
1206 2667 1898 2121
1402 2743 1305 2622
1445 2052 1381 2862
1300 2283 1164 2975
1651 2589 1892 2550
1473 2363 1423 2138
1254 2478 1813 2695
1613 2408 1286 2121
1256 2055 1439 2062
1197 2866 1543 3059
1512 2236 1420 3012
1109 2755 1911 2703
1853 2203 1742 2948
1352 3535 1113 3654
1816 3245 1174 3322
1200 3468 1219 3691
1133 3476 1822 3582
1174 4012 1446 4054
1192 3118 1812 3347
1164 3972 1839 3438
1881 3316 1478 3778
1982 4018 1591 4011
1247 3657 1919 3988
1378 4009 1549 3213
1794 3113 1880 3247
1944 3382 1776 3605
1564 3622 1837 3358
1713 3567 1612 3925
2031 3770 1634 3831
1075 3631 1798 3661
1959 4049 1805 3533
1608 3288 1077 3567
1654 3279 1599 3575
2002 3816 1439 3983
2856 419 2822 354
2762 964 2996 24
2785 895 2344 11
2183 645 2972 931
2706 325 2444 836
2934 317 3035 168
2277 142 2364 267
2759 970 2475 631
2537 218 2613 881
2861 275 2366 468
2854 932 2492 321
2521 1012 2632 379
3023 648 2463 407
2286 374 2608 164
2390 659 2209 806
2228 799 2451 34
3065 182 2525 214
3012 945 2434 643
2980 1011 2912 568
2774 542 3071 289
2892 950 2891 145
2934 1920 2298 1226
2531 1533 2822 1742
2678 1861 2774 1248
3024 1167 2199 1390
2744 1521 2739 1371
2163 1892 2841 1862
2717 1768 2932 1948
2137 1690 2523 1741
3042 1919 2570 1533
2270 1693 2110 1898
3004 1384 2295 1155
2805 1049 2579 1774
2423 1194 2334 1103
3028 1608 2685 1661
2782 1991 2728 1225
2731 1494 2814 1406
2723 1644 2696 1091
2138 1622 2798 1740
2252 1583 2463 1380
2386 1277 2202 1435
2147 1465 2239 1978
2259 2035 2920 1935
2272 1544 3038 1831
2783 2561 3004 2619
2160 2677 2085 2897
3028 2053 2999 2230
2056 2752 2887 2969
2709 3019 2805 2166
2323 2288 2367 2594
2132 2389 2645 2836
2103 2827 2527 3023
2453 2492 2561 2130
2326 2967 2723 2137
3009 2720 3001 2485
2557 2584 2686 2423
2718 2560 2869 2543
2460 2082 2213 2122
2156 2878 2293 2423
2347 2352 2557 2549
2730 2248 2070 2663
2675 2125 2371 3046
2678 2304 2078 2381
2300 2858 2905 2264
2398 3627 2074 3872
2685 3503 2566 3702
2425 3099 2200 3078
2750 3074 2470 3128
2395 4055 2131 3836
3067 4053 2422 3074
2994 3200 2129 3116
2128 3244 2106 4075
2622 3262 2378 4030
2935 3820 2281 3403
2834 3097 2099 3343
2051 3653 2266 3586
2052 3691 2454 3768
2903 3955 2192 3666
2409 4021 2922 3119
2393 3412 2827 4038
2492 3143 2314 3122
2394 3230 2105 3438
2977 4056 2477 3535
2400 3111 3058 3558
3421 237 3782 906
3678 597 3918 979
4051 821 4018 44
3480 207 3626 187
3291 392 3248 965
3891 143 4081 770
3114 438 3885 370
3979 474 3165 86
3931 568 4026 137
3870 701 3547 927
3864 451 3550 213
3625 585 4091 798
3788 531 3234 407
3989 479 4087 435
3476 908 3582 300
3761 394 4081 254
3914 157 3764 511
3682 618 3339 409
3309 224 3779 952
3433 50 3922 141
3758 423 3165 394
4037 655 3497 569
3096 1711 3713 2014
3138 1353 3882 1434
3757 1453 3148 1852
3654 1803 3445 1136
4061 1786 3469 1846
3535 1175 3603 1446
3939 1298 3348 1211
3784 1210 3317 1889
3705 1207 4020 1080
3425 1964 3324 1170
3770 1056 3190 1822
3695 1497 4038 1457
3258 1239 3510 1315
3818 1535 3591 1472
3832 1751 3656 1103
3474 1245 3917 1513
3365 1686 3796 1408
3467 1856 3808 1905
3365 1782 3990 1708
3573 2029 3098 1331
3450 2895 3557 2657
3082 2416 3076 2149
3776 3046 3872 2569
3518 2715 3556 2204
3961 2978 3779 2061
3871 2416 3345 2804
3910 2556 3202 2094
3253 2933 4057 2405
3415 2934 3490 3063
3535 2420 3620 2205
3246 2615 3119 2819
3943 3043 3586 2865
3448 2103 3784 2633
3467 2631 3254 2295
3431 2880 3964 2346
3286 2049 3471 2315
3762 2647 3907 2061
3279 2393 3905 3071
3860 2258 3232 2201
3243 2839 3490 2356
3328 3736 3377 3323
3550 3791 3892 3747
3910 3884 3586 3719
3723 3843 3508 3203
4005 3470 3860 3753
3490 3698 4083 3501
4027 3614 3161 3809
3248 3297 3229 3101
3929 3135 3351 3338
3409 4058 3657 3828
3666 3552 3158 3136
3365 3693 3360 3775
3935 3916 3353 4037
3352 3312 3347 3993
3948 3426 3541 3419
3262 3409 3936 3767
4013 4075 3241 3937
3171 3340 3280 3236
3233 3734 3358 3954
3540 3270 4081 3797
3997 3902 3244 3718
3246 3353 3178 3698
3408 3569 3310 3348
1872 974 1611 1066
615 1015 1825 1025
1055 1015 1275 1037
1561 1010 1700 1057
910 988 1399 1038
1801 2058 803 2082
1657 2074 1682 2020
211 2059 342 2090
749 2035 1025 1997
1157 2016 1672 2032
1440 3066 1076 3104
690 3049 1306 3036
1272 3059 200 3104
386 3037 1702 3092
1239 3051 1891 3084
2632 984 2161 1000
1827 1020 2214 1047
2514 1010 1538 1015
1230 979 1292 1021
3001 993 1650 1020
2309 2078 1678 2051
1125 2083 2751 2057
1057 2034 2909 2007
1311 2035 1626 2072
1656 2092 1057 2003
1285 3073 2247 3047
2704 3069 1698 3025
2681 3048 1139 3102
2407 3039 1843 3046
2694 3046 1059 3053
2845 1036 2081 1041
3332 1061 2535 1029
2321 1011 3517 1056
2483 994 3219 1004
3633 1066 2189 1009
2709 2008 3853 2083
3602 2082 2416 2035
2310 2062 2633 2026
2804 2047 3155 2012
2853 2001 3904 2036
3477 3062 3130 3063
4000 3063 2438 3108
3042 3031 3897 3035
3541 3088 3921 3122
3714 3087 3049 3058
1011 1511 1050 1708
973 1956 1006 915
1050 701 1055 112
1054 1130 1019 585
1011 233 990 368
1034 1726 1067 2785
988 1324 1074 2857
1026 1719 1023 2614
1022 1313 1074 3005
1070 2649 1033 1326
990 2607 1065 3164
1033 2880 1070 2556
1074 2329 976 2289
1073 3920 1003 3374
1000 3715 1009 3820
2036 1242 2079 1829
2032 12 2073 223
2048 1534 2035 913
2045 1766 2046 869
2081 401 2038 455
2050 2125 2090 1330
2065 2060 2029 2509
2059 1986 2054 1715
2063 1893 2052 2538
2002 2695 2049 1209
2035 4062 2060 3959
2030 3148 2095 3527
2057 2403 1997 3526
2054 3265 2053 3287
2062 2301 2034 3758
3112 961 3081 139
3057 128 3030 1030
3076 995 3022 1507
3067 816 3122 1979
3076 932 3042 928
3082 2794 3094 1769
3079 1192 3044 1614
3093 1701 3024 3029
3044 2468 3087 2469
3040 1764 3051 2047
3110 2388 3086 2632
3026 3567 3088 2115
3102 3477 3107 3989
3100 2275 3110 2593
3104 3050 3091 2797
1112 3180 3899 2551
2737 3176 713 693
2367 3052 3296 1787
3627 1315 3241 2862
55 2795 206 2160
3879 650 589 3927
1617 3330 975 1559
1430 2324 3749 728
1820 3580 3638 496
1196 1259 773 2555
171 1452 1206 2415
3203 4046 78 3803
2759 2655 3478 2609
172 1970 1028 1121
1463 727 1412 1792
2007 306 1442 102
3774 469 2331 770
1772 188 1032 1051
1613 2630 2861 3706
882 3434 1645 559
1946 3223 2043 1909
497 1209 2460 3108
1443 2812 2508 2266
475 1124 205 3177
3080 2955 2441 1319
2496 1556 2900 3102
2366 137 230 132
2073 1819 1479 3439
1859 1008 3797 1133
1192 83 3003 223
3598 3620 3809 651
1319 44 3041 978
2763 1663 3129 1052
315 2844 1847 1982
3366 2671 2692 1208
3186 2334 3713 1730
3252 979 2363 310
3397 1224 1431 710
2727 3185 2780 2381
3962 3545 1778 2078
2403 2662 1984 3731
2898 3623 1922 2025
2307 371 3007 3733
52 3112 1877 1906
3694 2225 1633 2191
3009 1487 174 708
881 2751 2688 807
101 2053 3737 2531
2986 320 505 21
3551 822 3847 1559
2779 1678 2667 141
3881 1847 432 4063
721 3358 2993 119
3813 885 2873 3592
2878 1668 3957 3627
1947 3941 1353 3433
1896 914 2863 2036
2180 686 230 1268
2119 1291 3507 3753
1838 3539 1990 3976
577 563 2903 2984
1157 3750 966 811
1742 447 529 323
3939 3149 2767 529
1278 429 2664 2487
2766 675 2937 3321
2539 1442 3230 3200
1274 3689 49 93
986 2054 3897 160
1666 490 569 3345
2005 162 1909 862
1952 3031 627 2441
1638 3654 381 1303
1880 990 1553 2615
934 1925 1007 1671
570 1430 1271 1345
1794 653 1538 1422
330 138 747 3355
1918 3738 775 929
278 3184 354 1407
109 3708 1781 2613
96 3301 320 304
488 3599 1664 3607
426 3669 1051 1309
295 236 665 545
1169 1769 531 1394
1829 2914 477 1078
1652 1701 681 2992
1604 2119 1028 217
1650 3861 1328 1943
530 2226 790 3379
587 818 327 2892
116 991 974 3788
1173 4065 1148 2220
1081 3880 989 1469
681 3674 960 932
1842 3857 1788 859
353 3030 1206 2689
771 1228 702 3593
1740 2653 417 1760
167 2999 831 895
631 941 1653 1655
786 4069 265 3917
72 3526 1144 2819
562 3145 1791 2535
1774 2705 1889 3737
1325 3304 755 3839
1837 2998 1391 2314
1374 3108 157 2926
1593 3104 2040 2282
559 2897 738 3844
126 2433 1307 2363
741 3774 1777 3749
1526 2135 1729 3915
633 2546 1869 3596
1899 3150 1854 2065
402 2323 1289 3796
1515 2118 1989 3030
1930 3366 108 3282
208 2499 69 2525
325 2231 657 2397
1540 2313 967 2257
1411 2999 598 2956
588 2235 1412 2223
839 2495 881 2379
1065 2089 1350 2799
1115 2322 625 2310
431 2260 138 2128
618 2153 509 2438
473 2405 1661 2214
797 2459 762 2050
881 2462 1350 2384
1489 2478 1294 2056
1476 2453 1148 2175
1331 2167 1153 2293
1712 2523 1827 2049
1167 2127 1932 2232
1955 2200 1859 2250
1759 2060 1661 2182
1896 2074 1740 2132
1545 2082 1760 2258
1384 2242 1098 2069
1478 2227 1603 2237
1361 2206 1174 2301
1036 2287 1835 2247
1762 2213 1156 2294
1156 2199 1065 2285
1247 2203 1374 2186
1033 2203 1270 2213
1229 2210 1125 2224
1401 2216 1074 2196
1419 2198 1336 2232
1492 2230 1333 2206
1172 2176 1107 2213
1456 2193 1172 2211
1216 2222 1393 2209
1118 2181 1085 2184
1436 2229 1435 2201
1371 2184 1432 2227
1359 2214 1511 2237
1283 2233 1398 2228
1290 2199 1310 2177
